8 9 14 22 25 27 32 11 
7 10 19 26 30 34 39 24 
3 9 11 19 20 21 22 13 
5 9 11 15 33 36 38 22 
5 6 21 25 27 30 38 2 
11 19 25 26 32 35 37 21 
16 24 26 29 32 35 38 15 
3 10 14 25 28 29 35 16 
7 13 20 25 26 35 37 34 
2 9 21 22 24 31 32 3 
1 7 10 18 24 32 37 15 
5 15 21 29 31 37 39 25 
1 6 7 12 16 18 31 20 
5 14 15 19 24 30 33 23 
7 14 16 22 30 31 39 25 
14 18 22 26 29 32 35 38 
3 4 17 23 26 32 36 21 
6 9 10 13 24 25 38 15 
13 15 18 20 24 32 37 35 
5 8 14 15 17 32 34 36 
3 17 28 30 35 36 38 39 
5 7 10 17 19 20 29 1 
4 10 23 24 32 34 36 27 
2 5 15 24 32 36 39 21 
4 5 17 24 29 33 39 14 
4 7 14 23 26 30 32 39 
6 10 12 13 20 26 37 28 
6 9 13 20 21 23 25 33 
4 12 21 23 24 28 33 38 
2 5 7 10 13 23 29 34 
5 14 17 22 23 24 33 29 
6 7 8 13 14 17 24 9 
9 12 18 27 31 34 37 39 
2 6 10 11 19 31 35 21 
4 6 15 19 26 31 34 22 
2 8 12 15 23 28 29 37 
7 10 13 15 19 21 33 31 
4 5 20 29 31 36 37 15 
2 10 15 18 25 28 36 7 
4 5 15 17 20 32 37 25 
3 4 21 23 27 31 39 19 
5 6 10 14 21 29 31 13 
10 11 12 21 22 24 34 16 
3 9 13 24 27 35 37 18 
4 5 7 9 25 34 38 32 
4 8 10 26 33 36 38 19 
5 9 17 24 27 28 35 8 
3 6 16 18 21 23 26 19 
1 7 23 25 29 34 39 32 
7 10 22 23 37 38 39 20 
7 12 13 14 17 31 36 16 
4 8 14 15 19 26 27 39 
14 18 24 28 34 35 39 8 
8 9 17 24 26 29 36 11 
15 19 23 33 35 36 38 16 
10 14 16 24 27 33 38 19 
6 17 21 24 28 29 30 25 
4 5 7 11 13 30 34 23 
17 19 21 23 34 35 38 33 
1 2 7 9 24 28 30 20 
1 5 7 10 12 20 30 28 
7 10 15 19 22 24 33 6 
3 10 20 22 31 37 39 13 
12 18 22 30 31 33 37 27 
3 16 20 25 26 33 38 24 
3 14 29 30 33 35 38 5 
8 13 15 17 20 27 37 32 
8 12 14 19 25 26 29 5 
1 15 18 25 30 34 37 5 
1 11 17 26 27 30 32 5 
1 10 21 27 30 31 37 32 
7 8 16 20 22 32 35 37 
14 16 18 27 29 32 39 28 
1 5 19 22 23 28 36 10 
3 17 21 22 30 33 37 15 
1 5 24 25 26 31 35 38 
15 18 28 35 37 38 39 1 
1 3 5 13 21 26 39 27 
13 15 23 25 32 33 35 31 
1 16 22 23 29 30 38 5 
5 10 24 25 30 31 39 33 
4 18 19 23 24 25 32 21 
1 6 15 16 18 27 33 25 
3 12 17 19 22 24 26 27 
1 5 17 19 20 25 36 6 
8 9 16 23 24 25 27 36 
1 9 10 17 25 27 29 13 
10 11 16 19 25 32 35 37 
4 12 13 24 27 29 35 7 
4 17 22 28 29 30 36 14 
2 4 6 14 19 26 36 7 
1 5 9 15 20 23 29 16 
2 7 10 12 25 29 34 8 
4 7 8 13 14 16 25 24 
6 19 20 29 34 36 38 35 
3 8 17 18 33 34 36 9 
3 5 19 22 26 28 33 9 
7 14 17 18 24 25 39 26 
3 7 8 13 17 28 30 31 
5 6 14 29 32 34 37 35 
4 7 9 10 12 15 21 29 
2 4 7 13 14 31 39 27 
4 7 10 12 17 24 33 39 
3 4 5 18 25 30 37 1 
1 15 18 27 28 31 32 16 
7 10 17 23 30 32 34 12 
3 5 6 11 18 34 38 19 
1 3 9 12 22 32 38 31 
4 6 10 14 28 31 35 21 
1 22 27 32 33 35 37 13 
5 8 10 26 33 35 37 4 
2 4 7 10 13 17 36 35 
3 4 15 17 23 26 31 34 
1 7 15 23 29 31 38 20 
6 12 15 22 27 29 39 38 
3 14 22 24 27 30 32 10 
7 18 21 27 32 37 39 28 
5 15 16 17 21 24 28 38 
11 16 21 27 29 32 34 38 
3 5 16 21 26 30 37 8 
2 6 10 17 25 28 33 9 
8 10 12 13 23 27 37 29 
3 4 9 12 13 16 25 8 
1 3 9 22 30 31 33 39 
2 14 15 25 35 37 39 32 
5 12 14 19 20 35 38 21 
5 6 11 16 26 32 35 7 
1 8 11 13 17 20 33 21 
3 10 16 24 27 29 37 15 
11 17 22 24 33 34 37 15 
10 13 19 20 24 34 36 6 
1 6 13 20 33 34 36 19 
3 20 24 25 29 30 36 10 
2 4 7 20 24 25 39 34 
3 4 11 17 18 21 28 25 
1 10 11 22 28 31 38 13 
5 12 19 24 25 34 35 28 
7 8 14 17 19 33 39 6 
3 7 8 16 26 34 35 33 
2 6 8 11 18 36 37 9 
1 14 23 26 29 33 34 2 
7 12 20 22 27 32 38 29 
4 15 16 23 27 32 39 14 
2 11 17 19 36 37 39 31 
13 19 20 24 29 32 37 33 
2 11 21 24 25 31 34 1 
2 19 22 24 28 31 36 16 
8 9 14 18 22 26 39 4 
1 4 8 13 24 27 31 10 
3 7 23 26 32 34 39 2 
8 15 21 22 23 25 27 14 
4 9 16 22 29 33 37 13 
3 4 9 25 26 29 31 1 
3 4 5 11 17 19 31 23 
1 10 12 18 22 28 36 31 
1 4 19 26 30 37 38 18 
1 3 7 13 16 20 27 30 
13 17 25 28 29 32 37 39 
6 9 10 23 33 34 39 27 
2 5 12 15 18 22 27 29 
11 12 21 22 28 32 35 18 
5 6 14 22 26 31 32 3 
3 15 17 26 27 34 37 13 
1 7 14 18 30 31 32 13 
2 13 15 21 24 30 34 33 
6 14 20 22 24 27 34 26 
1 2 8 16 22 31 37 18 
2 11 16 19 26 27 35 32 
3 5 6 9 17 23 24 25 
8 13 23 26 28 31 38 35 
11 14 23 26 30 36 39 31 
3 10 13 20 23 34 38 37 
2 4 6 18 23 26 36 15 
3 7 8 17 26 28 37 16 
2 28 29 30 32 34 37 6 
1 6 10 16 24 35 37 21 
3 7 8 10 14 18 23 32 
1 2 13 29 32 34 36 3 
11 24 25 26 31 33 36 17 
1 2 12 20 30 32 36 18 
1 18 19 20 23 24 31 30 
2 5 6 10 12 26 28 24 
6 13 14 17 28 32 36 1 
1 13 18 25 27 31 32 4 
1 16 21 30 34 35 37 29 
10 18 21 23 30 32 34 39 
11 13 15 22 23 30 33 35 
2 4 14 15 17 24 39 26 
3 14 15 17 23 32 33 28 
6 7 9 13 15 17 33 32 
6 18 21 34 35 36 37 23 
5 7 10 12 14 15 28 38 
3 5 6 8 18 28 31 22 
6 12 15 17 19 21 23 38 
1 5 10 11 16 37 39 6 
1 2 3 5 8 22 26 29 
1 3 4 7 10 19 24 11 
1 3 10 17 21 26 31 19 
8 17 19 27 28 34 39 36 
16 23 25 26 30 35 38 19 
1 8 10 12 14 18 25 33 
4 5 14 19 23 32 35 28 
1 10 14 24 25 33 35 27 
14 15 17 26 28 31 32 21 
3 8 11 24 26 27 32 16 
5 7 29 30 31 32 36 23 
8 18 22 23 25 32 36 14 
1 7 11 14 16 30 32 9 
6 15 20 21 32 33 37 13 
3 5 13 16 22 24 37 27 
6 9 10 25 31 34 37 39 
1 4 9 11 12 13 25 6 
9 13 16 17 20 21 35 3 
3 21 26 27 28 34 36 24 
7 10 11 22 31 32 39 8 
3 6 7 14 15 18 37 31 
1 16 26 30 32 34 37 6 
10 11 14 28 35 36 39 25 
7 10 11 12 19 31 32 15 
3 10 11 15 26 32 38 18 
2 6 13 14 21 29 36 3 
1 6 19 22 24 32 39 30 
12 15 17 21 25 27 28 31 
7 14 20 26 29 30 32 4 
10 20 21 26 27 32 39 2 
4 8 15 21 30 36 38 12 
2 14 15 22 30 31 36 38 
1 3 7 10 16 29 30 37 
9 12 22 30 35 36 39 7 
3 14 16 17 18 19 23 12 
3 4 21 23 31 35 39 36 
6 7 10 13 19 25 32 30 
4 7 17 18 29 37 38 28 
2 5 6 7 10 13 24 36 
2 8 11 15 30 31 33 23 
10 16 20 21 33 34 38 9 
5 7 9 12 16 22 29 4 
6 10 15 17 19 21 22 28 
6 8 9 14 24 25 38 7 
5 20 21 25 30 31 39 29 
2 10 16 25 27 33 39 35 
17 23 24 27 31 37 39 29 
4 6 7 15 16 29 30 3 
13 22 25 29 30 33 34 5 
13 15 20 27 31 34 35 29 
1 6 10 15 20 27 31 16 
14 18 21 22 33 34 36 15 
3 10 12 13 15 36 38 32 
5 10 16 19 24 27 36 14 
9 10 17 20 22 30 35 39 
8 10 16 19 27 29 37 17 
9 11 13 18 29 34 37 27 
14 23 25 28 29 31 34 39 
1 14 17 18 24 28 39 22 
1 9 11 17 22 28 33 29 
12 15 18 24 34 35 39 20 
3 15 22 29 31 32 36 28 
2 17 18 23 24 30 39 28 
1 7 8 11 20 27 38 19 
4 8 24 28 30 31 32 9 
3 5 7 11 13 26 36 17 
3 7 12 15 22 27 33 37 
10 22 30 33 34 35 36 5 
18 25 30 31 36 37 39 8 
13 15 17 24 26 27 36 23 
6 16 17 28 30 32 38 21 
1 6 10 13 21 22 28 20 
2 3 6 10 13 16 26 12 
3 5 20 22 23 31 37 38 
2 9 12 16 29 31 38 1 
2 11 15 17 19 26 29 39 
2 7 8 17 19 29 35 38 
3 7 20 22 25 26 36 23 
7 8 13 17 23 26 32 16 
7 10 13 19 24 28 35 34 
5 12 13 15 16 21 27 25 
1 3 5 8 20 30 36 9 
1 11 15 23 25 35 36 38 
6 11 15 21 22 33 35 13 
2 7 8 11 19 34 36 4 
9 15 20 21 24 31 34 11 
12 14 20 22 25 27 39 16 
6 7 10 20 23 24 37 32 
22 25 29 31 32 34 36 20 
6 11 12 14 16 19 24 39 
19 20 25 33 35 37 39 17 
2 3 5 11 18 35 38 8 
1 10 11 28 29 30 34 21 
2 8 10 14 26 30 32 39 
1 6 8 18 24 36 39 4 
2 3 5 8 9 23 39 1 
2 9 10 11 14 21 28 13 
7 16 18 19 26 28 33 3 
2 8 13 19 22 27 32 20 
4 13 14 15 18 27 32 35 
3 14 20 25 33 35 38 36 
2 4 5 10 23 29 37 19 
3 4 8 10 16 19 23 26 
1 4 7 11 13 16 27 6 
2 4 12 26 28 29 37 32 
8 13 21 24 34 35 36 17 
7 8 21 25 30 35 37 14 
2 4 10 13 22 26 36 27 
3 4 8 16 22 32 38 20 
11 13 19 25 28 36 38 16 
3 10 14 18 32 35 37 36 
8 9 13 20 30 35 38 14 
1 7 14 17 20 25 39 26 
5 14 27 30 31 35 38 6 
5 11 29 31 35 36 39 13 
1 13 19 20 23 35 38 32 
6 9 12 15 17 25 30 33 
2 12 13 17 23 27 37 14 
1 5 13 14 21 27 29 3 
13 14 15 17 22 31 39 12 
8 10 18 26 28 33 39 13 
1 6 11 31 32 34 39 12 
12 16 30 32 33 34 36 23 
5 9 10 12 23 31 33 18 
11 17 18 20 23 27 36 8 
2 6 7 19 24 26 27 8 
4 5 14 30 34 37 39 33 
1 4 6 12 13 21 30 5 
15 20 27 29 33 35 36 38 
5 7 15 19 24 28 31 2 
1 5 7 10 16 32 37 19 
3 11 16 22 27 29 30 10 
1 5 9 12 35 36 38 30 
2 6 9 14 21 31 32 15 
6 17 19 25 26 35 39 11 
10 14 19 20 31 33 34 30 
4 11 20 21 24 27 29 16 
3 9 10 12 16 23 35 19 
2 8 18 19 20 21 34 9 
5 9 10 15 18 19 39 13 
5 11 17 26 29 30 39 34 
10 17 22 26 27 32 34 33 
6 12 22 24 25 26 34 27 
4 9 10 17 19 36 39 23 
6 8 14 18 21 23 32 30 
12 19 20 22 30 32 36 3 
1 14 19 20 24 27 33 16 
2 3 10 11 13 14 30 25 
7 12 17 19 22 31 36 34 
5 10 14 17 20 22 27 34 
12 16 20 23 24 38 39 10 
5 10 20 24 31 37 39 38 
3 6 14 30 31 32 33 13 
1 4 6 12 15 16 24 30 
2 5 8 9 11 17 33 28 
4 7 18 20 26 28 34 1 
4 8 10 18 21 22 39 2 
15 18 20 21 22 29 35 33 
9 15 22 23 29 32 38 30 
4 13 18 20 25 26 34 8 
3 12 21 26 31 33 39 16 
5 12 22 29 31 37 38 10 
7 8 9 12 17 27 39 35 
1 7 11 16 25 33 35 38 
8 13 14 15 23 24 38 30 
6 9 14 24 28 32 34 4 
6 16 18 19 21 33 35 27 
5 20 22 24 26 31 34 33 
12 14 15 30 34 38 39 19 
11 13 15 25 27 30 32 24 
9 11 12 15 20 22 32 30 
3 19 26 29 30 31 36 35 
1 6 12 25 30 31 37 24 
5 10 12 13 15 22 23 37 
1 10 12 19 20 35 37 17 
1 2 4 7 9 21 38 26 
2 18 24 26 30 36 37 3 
15 17 20 23 24 26 35 38 
4 5 9 22 24 32 36 26 
5 6 11 21 25 32 39 24 
2 4 19 27 33 34 36 31 
2 12 14 15 16 26 38 27 
7 12 20 23 24 25 26 4 
6 9 15 16 21 25 38 7 
2 9 14 16 18 22 38 19 
2 4 9 21 22 26 34 1 
1 5 13 16 21 22 39 33 
12 26 30 31 35 37 38 13 
7 11 14 19 21 28 29 6 
12 16 25 29 31 33 34 7 
10 14 17 27 28 33 38 23 
20 23 25 26 33 34 36 37 
3 9 11 14 25 28 34 16 
8 21 23 26 31 32 35 38 
1 9 11 12 16 32 33 4 
3 10 16 20 21 33 39 13 
2 12 25 29 31 35 36 39 
3 11 12 19 26 27 32 36 
1 2 3 15 31 32 34 33 
1 6 22 30 31 35 36 11 
2 7 11 15 29 31 39 16 
4 12 17 18 25 30 33 13 
2 16 21 33 37 38 39 13 
4 5 7 26 30 31 35 16 
5 11 13 15 19 32 36 3 
6 11 14 17 21 28 35 20 
1 5 9 13 20 25 27 26 
4 20 22 31 35 38 39 36 
2 12 16 21 23 31 39 37 
13 17 27 29 31 33 39 24 
1 6 19 28 29 36 39 12 
5 18 20 21 22 29 35 24 
14 25 28 29 36 37 39 23 
2 7 11 12 17 25 36 27 
6 11 17 21 24 25 28 22 
7 8 9 11 12 23 36 37 
16 21 25 26 27 30 31 33 
1 4 5 12 20 34 38 9 
2 12 15 21 23 35 38 9 
3 12 14 22 31 36 38 32 
5 22 26 27 31 34 38 19 
6 9 13 22 25 26 39 36 
14 15 19 20 21 29 38 9 
4 9 20 21 22 35 38 7 
7 8 12 21 25 26 37 33 
10 11 20 24 28 36 37 2 
9 12 13 20 24 31 37 38 
1 2 6 11 18 19 31 12 
9 16 24 26 27 34 38 5 
3 11 12 16 27 35 38 21 
5 19 20 23 26 31 35 10 
9 12 16 19 22 25 34 37 
3 4 7 12 21 34 36 30 
2 9 14 19 23 31 33 38 
2 3 5 14 24 30 35 27 
2 12 18 22 23 28 38 34 
2 5 9 17 23 29 38 27 
2 13 20 23 32 34 38 19 
2 16 18 19 26 27 30 10 
18 20 21 27 32 38 39 26 
2 7 15 17 22 28 31 16 
16 18 23 26 28 33 34 19 
6 21 22 27 28 30 39 16 
16 17 21 30 31 34 36 23 
2 4 5 8 11 13 21 36 
3 8 14 24 29 33 34 23 
2 5 13 18 19 29 34 17 
6 7 8 17 32 35 38 29 
6 9 19 27 31 33 39 25 
11 25 26 27 30 32 37 6 
1 3 10 14 24 31 36 11 
7 10 19 21 22 25 34 36 
1 5 14 15 16 22 25 39 
2 12 19 20 23 30 36 24 
11 19 20 30 35 36 38 25 
4 6 9 11 14 37 39 5 
2 4 20 26 28 35 39 10 
6 7 10 13 17 29 36 1 
2 3 15 16 20 21 33 4 
1 13 14 18 20 32 38 27 
7 15 20 21 29 33 38 17 
3 7 12 13 19 26 39 9 
2 4 8 9 23 35 36 31 
10 13 15 18 20 29 30 33 
2 7 12 13 30 37 38 16 
13 25 31 32 34 36 38 8 
4 5 19 25 27 33 39 1 
2 8 12 17 18 32 38 34 
11 18 22 26 27 33 38 39 
1 15 19 22 27 30 35 8 
14 15 18 20 22 24 38 39 
4 7 10 14 21 26 37 8 
5 8 14 15 23 24 38 20 
5 12 15 25 29 33 36 9 
7 11 18 20 25 28 38 5 
5 10 14 23 24 36 38 8 
2 17 23 25 33 36 37 4 
2 7 11 20 28 37 39 22 
11 13 17 18 25 29 35 33 
4 5 16 21 25 28 36 13 
8 11 24 27 28 37 39 38 
4 9 15 19 25 29 34 35 
1 9 15 18 21 26 28 34 
4 5 10 11 25 27 33 23 
4 8 12 24 25 36 39 30 
5 12 14 32 35 36 39 10 
1 2 9 14 22 27 35 18 
2 14 15 23 30 34 39 8 
6 7 13 21 27 29 35 5 
1 2 7 11 30 37 39 15 
7 15 16 21 33 35 39 26 
2 6 13 20 29 32 38 25 
5 10 17 22 26 36 38 12 
10 12 16 23 26 34 35 36 
2 8 20 21 22 36 38 25 
7 9 10 13 18 32 33 4 
9 18 23 30 33 36 38 11 
1 9 14 15 20 31 33 23 
2 3 8 9 17 23 39 37 
1 4 12 13 22 34 38 28 
1 7 8 13 19 30 37 5 
6 11 22 24 32 37 39 9 
14 16 19 21 25 31 36 10 
4 14 16 20 22 37 38 26 
6 7 9 15 17 23 33 1 
2 8 12 15 22 23 32 9 
1 5 17 20 22 23 27 11 
6 8 23 24 26 32 33 34 
1 8 10 13 21 29 33 7 
14 18 20 21 28 31 36 7 
4 7 9 19 23 27 38 14 
10 12 14 17 19 23 35 32 
2 17 21 26 28 35 36 34 
3 17 20 25 35 36 37 5 
9 11 12 14 20 35 39 28 
4 6 7 16 18 22 32 27 
3 5 6 10 11 19 21 1 
2 7 15 23 31 36 39 13 
5 10 16 17 18 32 34 38 
19 25 27 28 31 33 37 15 
6 16 19 20 25 26 32 34 
1 2 3 8 14 16 24 5 
10 14 15 17 23 30 34 38 
1 9 12 20 21 24 36 14 
13 14 17 18 23 28 35 24 
5 14 15 20 24 32 37 35 
7 11 12 17 22 28 36 27 
14 17 18 23 28 36 37 25 
3 7 15 20 26 33 37 11 
3 14 15 20 21 24 38 17 
2 4 5 9 27 35 37 1 
3 10 22 27 32 36 37 11 
2 6 10 17 24 26 31 3 
4 14 17 26 29 33 36 8 
6 8 17 25 29 32 33 2 
3 9 15 23 32 34 38 6 
8 12 14 16 25 31 32 26 
2 3 13 16 25 35 36 30 
5 8 15 16 17 25 38 10 
1 2 4 7 13 27 33 23 
17 19 21 26 28 32 38 29 
4 6 14 21 33 34 38 31 
3 5 15 21 27 36 39 34 
11 15 24 27 33 35 36 9 
14 15 26 27 28 35 37 20 
2 8 17 21 22 24 25 28 
2 3 26 30 31 33 35 37 
3 14 15 17 30 34 39 29 
2 4 6 9 27 30 33 19 
5 8 14 22 25 35 39 3 
17 22 23 24 26 29 35 27 
3 5 6 8 9 30 35 24 
5 6 12 14 15 21 36 9 
11 16 18 19 21 22 32 1 
1 8 14 16 19 25 32 22 
7 8 11 20 24 28 30 32 
2 7 13 16 20 22 31 26 
10 15 17 28 29 32 37 12 
7 8 21 22 27 33 35 36 
1 4 16 20 27 28 38 32 
3 5 18 20 27 34 35 9 
4 5 6 16 25 27 29 23 
1 5 9 19 27 28 35 15 
3 5 7 8 19 23 29 22 
1 2 12 26 33 36 37 34 
1 17 22 27 29 34 38 14 
12 15 20 21 25 35 38 8 
1 3 7 12 17 25 29 32 
1 16 19 26 28 32 38 10 
9 20 23 25 27 33 36 4 
9 11 13 30 31 32 38 26 
14 16 18 26 27 28 39 13 
10 11 12 14 26 28 36 32 
2 11 14 15 28 29 32 38 
5 10 16 20 22 29 30 9 
12 13 16 20 24 25 35 5 
3 8 12 15 23 25 34 28 
2 3 9 11 13 14 15 4 
9 10 19 22 23 37 39 7 
4 9 17 24 29 34 35 30 
3 6 9 10 15 23 33 19 
6 7 8 11 12 17 38 2 
6 10 13 19 25 36 38 11 
2 4 14 15 30 31 35 38 
1 11 19 31 33 34 35 5 
1 6 11 13 21 24 39 17 
1 12 18 22 28 29 39 3 
8 9 15 17 27 29 38 4 
2 7 10 21 24 26 29 16 
11 15 19 27 33 34 38 2 
6 16 18 23 26 30 33 39 
4 6 9 12 18 19 33 25 
4 8 17 27 28 37 38 2 
14 16 23 27 36 38 39 10 
8 23 24 25 29 35 38 19 
9 20 25 31 32 36 39 18 
5 21 24 25 34 37 38 36 
10 17 21 25 27 31 34 24 
2 8 11 17 28 32 36 9 
11 12 23 24 31 32 35 2 
1 4 9 12 13 14 37 10 
1 10 11 18 19 28 34 39 
3 6 19 24 34 35 39 21 
1 16 18 26 27 34 38 39 
8 14 17 22 23 35 39 20 
1 4 6 7 10 27 36 17 
11 14 19 23 24 27 29 35 
1 5 15 21 26 30 38 14 
8 12 22 32 34 37 38 20 
10 14 17 19 21 26 27 16 
1 4 6 21 23 28 34 19 
7 12 13 21 24 33 38 28 
2 3 5 7 26 31 35 33 
1 9 15 19 25 29 31 11 
1 11 22 26 32 35 37 19 
1 3 15 16 20 33 39 36 
13 16 20 31 35 37 39 4 
2 3 5 11 16 36 39 23 
1 2 9 12 18 19 37 29 
1 6 25 33 35 38 39 8 
9 11 18 20 24 26 27 34 
1 2 9 17 19 33 39 5 
3 5 14 20 21 25 30 24 
2 10 11 17 20 24 29 5 
6 19 20 24 27 31 39 15 
1 3 4 20 28 30 39 32 
5 14 16 17 31 32 37 13 
4 8 11 16 26 27 29 6 
1 8 12 14 23 24 32 37 
1 5 18 23 24 27 30 15 
1 10 13 21 35 36 39 27 
6 11 22 29 35 36 37 39 
10 21 23 25 28 32 36 38 
3 9 14 17 19 28 37 38 
3 4 6 8 25 26 38 24 
7 9 24 25 29 31 39 23 
7 14 21 23 28 31 39 29 
5 8 12 21 29 37 39 3 
5 6 12 21 23 25 27 4 
5 11 24 25 26 29 30 1 
3 9 15 16 17 18 21 8 
4 7 10 24 26 30 31 8 
10 21 23 24 25 26 31 3 
9 12 13 16 30 34 39 14 
1 7 12 13 19 23 24 25 
9 11 18 20 23 29 34 28 
1 8 24 31 34 38 39 26 
3 6 16 21 24 25 28 4 
4 8 15 20 22 28 38 36 
2 4 13 29 30 35 38 34 
3 4 15 17 24 32 36 33 
1 3 10 15 20 32 34 14 
4 21 30 32 35 36 38 6 
9 10 14 16 20 23 31 11 
13 14 22 28 29 32 38 36 