30. 03. 2022
poročilo 
8
9
14
22
25
27
32
11
27. 03. 2022
poročilo 
7
10
19
26
30
34
39
24
23. 03. 2022
poročilo 
3
9
11
19
20
21
22
13
20. 03. 2022
poročilo 
5
9
11
15
33
36
38
22
16. 03. 2022
poročilo 
5
6
21
25
27
30
38
2
13. 03. 2022
poročilo 
11
19
25
26
32
35
37
21
09. 03. 2022
poročilo 
16
24
26
29
32
35
38
15
06. 03. 2022
poročilo 
3
10
14
25
28
29
35
16
02. 03. 2022
poročilo 
7
13
20
25
26
35
37
34
27. 02. 2022
poročilo 
2
9
21
22
24
31
32
3
23. 02. 2022
poročilo 
1
7
10
18
24
32
37
15
20. 02. 2022
poročilo 
5
15
21
29
31
37
39
25
16. 02. 2022
poročilo 
1
6
7
12
16
18
31
20
13. 02. 2022
poročilo 
5
14
15
19
24
30
33
23
09. 02. 2022
poročilo 
7
14
16
22
30
31
39
25
06. 02. 2022
poročilo 
14
18
22
26
29
32
35
38
02. 02. 2022
poročilo 
3
4
17
23
26
32
36
21
30. 01. 2022
poročilo 
6
9
10
13
24
25
38
15
26. 01. 2022
13
15
18
20
24
32
37
35
23. 01. 2022
5
8
14
15
17
32
34
36
19. 01. 2022
3
17
28
30
35
36
38
39
16. 01. 2022
5
7
10
17
19
20
29
1
12. 01. 2022
4
10
23
24
32
34
36
27
09. 01. 2022
2
5
15
24
32
36
39
21
05. 01. 2022
4
5
17
24
29
33
39
14
02. 01. 2022
4
7
14
23
26
30
32
39

29. 12. 2021
6
10
12
13
20
26
37
28
26. 12. 2021
6
9
13
20
21
23
25
33
22. 12. 2021
4
12
21
23
24
28
33
38
19. 12. 2021
2
5
7
10
13
23
29
34
15. 12. 2021
5
14
17
22
23
24
33
29
12. 12. 2021
1.760.483,62 €
loterija.si
6
7
8
13
14
17
24
9
Sedmica je bila izžrebana
08. 12. 2021
9
12
18
27
31
34
37
39
05. 12. 2021
2
6
10
11
19
31
35
21
01. 12. 2021
4
6
15
19
26
31
34
22
28. 11. 2021
2
8
12
15
23
28
29
37
24. 11. 2021
7
10
13
15
19
21
33
31
21. 11. 2021
4
5
20
29
31
36
37
15
17. 11. 2021
2
10
15
18
25
28
36
7
14. 11. 2021
4
5
15
17
20
32
37
25
10. 11. 2021
3
4
21
23
27
31
39
19
07. 11. 2021
5
6
10
14
21
29
31
13
03. 11. 2021
10
11
12
21
22
24
34
16
31. 10. 2021
3
9
13
24
27
35
37
18
27. 10. 2021
4
5
7
9
25
34
38
32
24. 10. 2021
4
8
10
26
33
36
38
19
20. 10. 2021
5
9
17
24
27
28
35
8
17. 10. 2021
3
6
16
18
21
23
26
19
13. 10. 2021
1
7
23
25
29
34
39
32
10. 10. 2021
7
10
22
23
37
38
39
20
06. 10. 2021
7
12
13
14
17
31
36
16
03. 10. 2021
4
8
14
15
19
26
27
39
29. 09. 2021
14
18
24
28
34
35
39
8
26. 09. 2021
8
9
17
24
26
29
36
11
22. 09. 2021
15
19
23
33
35
36
38
16
19. 09. 2021
10
14
16
24
27
33
38
19
15. 09. 2021
6
17
21
24
28
29
30
25
12. 09. 2021
4
5
7
11
13
30
34
23
08. 09. 2021
17
19
21
23
34
35
38
33
05. 09. 2021
1
2
7
9
24
28
30
20
01. 09. 2021
603.391,03 €
loterija.si
1
5
7
10
12
20
30
28
Sedmica je bila izžrebana
29. 08. 2021
7
10
15
19
22
24
33
6
25. 08. 2021
3
10
20
22
31
37
39
13
22. 08. 2021
12
18
22
30
31
33
37
27
18. 08. 2021
3
16
20
25
26
33
38
24
15. 08. 2021
3
14
29
30
33
35
38
5
11. 08. 2021
8
13
15
17
20
27
37
32
08. 08. 2021
8
12
14
19
25
26
29
5
04. 08. 2021
1
15
18
25
30
34
37
5
01. 08. 2021
1
11
17
26
27
30
32
5
28. 07. 2021
1
10
21
27
30
31
37
32
25. 07. 2021
7
8
16
20
22
32
35
37
21. 07. 2021
4.264.461,24 €
Bled
14
16
18
27
29
32
39
28
Sedmica je bila izžrebana
18. 07. 2021
1
5
19
22
23
28
36
10
14. 07. 2021
3
17
21
22
30
33
37
15
11. 07. 2021
1
5
24
25
26
31
35
38
07. 07. 2021
15
18
28
35
37
38
39
1
04. 07. 2021
1
3
5
13
21
26
39
27
30. 06. 2021
13
15
23
25
32
33
35
31
27. 06. 2021
1
16
22
23
29
30
38
5
23. 06. 2021
5
10
24
25
30
31
39
33
20. 06. 2021
4
18
19
23
24
25
32
21
16. 06. 2021
1
6
15
16
18
27
33
25
13. 06. 2021
3
12
17
19
22
24
26
27
09. 06. 2021
1
5
17
19
20
25
36
6
06. 06. 2021
8
9
16
23
24
25
27
36
02. 06. 2021
1
9
10
17
25
27
29
13
30. 05. 2021
10
11
16
19
25
32
35
37
26. 05. 2021
4
12
13
24
27
29
35
7
23. 05. 2021
4
17
22
28
29
30
36
14
19. 05. 2021
2
4
6
14
19
26
36
7
16. 05. 2021
1
5
9
15
20
23
29
16
12. 05. 2021
2
7
10
12
25
29
34
8
09. 05. 2021
4
7
8
13
14
16
25
24
05. 05. 2021
6
19
20
29
34
36
38
35
02. 05. 2021
3
8
17
18
33
34
36
9
28. 04. 2021
3
5
19
22
26
28
33
9
25. 04. 2021
7
14
17
18
24
25
39
26
21. 04. 2021
3
7
8
13
17
28
30
31
18. 04. 2021
5
6
14
29
32
34
37
35
14. 04. 2021
4
7
9
10
12
15
21
29
11. 04. 2021
2
4
7
13
14
31
39
27
07. 04. 2021
4
7
10
12
17
24
33
39
04. 04. 2021
3
4
5
18
25
30
37
1
31. 03. 2021
1
15
18
27
28
31
32
16
28. 03. 2021
7
10
17
23
30
32
34
12
24. 03. 2021
3
5
6
11
18
34
38
19
21. 03. 2021
1
3
9
12
22
32
38
31
17. 03. 2021
4
6
10
14
28
31
35
21
14. 03. 2021
1
22
27
32
33
35
37
13
10. 03. 2021
5
8
10
26
33
35
37
4
07. 03. 2021
2
4
7
10
13
17
36
35
03. 03. 2021
3
4
15
17
23
26
31
34
28. 02. 2021
1
7
15
23
29
31
38
20
24. 02. 2021
6
12
15
22
27
29
39
38
21. 02. 2021
3
14
22
24
27
30
32
10
17. 02. 2021
7
18
21
27
32
37
39
28
14. 02. 2021
5
15
16
17
21
24
28
38
10. 02. 2021
11
16
21
27
29
32
34
38
07. 02. 2021
3
5
16
21
26
30
37
8
03. 02. 2021
2
6
10
17
25
28
33
9
31. 01. 2021
8
10
12
13
23
27
37
29
27. 01. 2021
3
4
9
12
13
16
25
8
24. 01. 2021
1
3
9
22
30
31
33
39
20. 01. 2021
2
14
15
25
35
37
39
32
17. 01. 2021
5
12
14
19
20
35
38
21
13. 01. 2021
5
6
11
16
26
32
35
7
10. 01. 2021
1
8
11
13
17
20
33
21
06. 01. 2021
3
10
16
24
27
29
37
15
03. 01. 2021
11
17
22
24
33
34
37
15

30. 12. 2020
10
13
19
20
24
34
36
6
27. 12. 2020
1
6
13
20
33
34
36
19
23. 12. 2020
3
20
24
25
29
30
36
10
20. 12. 2020
2
4
7
20
24
25
39
34
16. 12. 2020
3
4
11
17
18
21
28
25
13. 12. 2020
1.131.400,44 €
Celje
1
10
11
22
28
31
38
13
Sedmica je bila izžrebana
09. 12. 2020
5
12
19
24
25
34
35
28
06. 12. 2020
7
8
14
17
19
33
39
6
02. 12. 2020
3
7
8
16
26
34
35
33
29. 11. 2020
2
6
8
11
18
36
37
9
25. 11. 2020
1
14
23
26
29
33
34
2
22. 11. 2020
7
12
20
22
27
32
38
29
18. 11. 2020
4
15
16
23
27
32
39
14
15. 11. 2020
2
11
17
19
36
37
39
31
11. 11. 2020
13
19
20
24
29
32
37
33
08. 11. 2020
2
11
21
24
25
31
34
1
04. 11. 2020
2
19
22
24
28
31
36
16
01. 11. 2020
8
9
14
18
22
26
39
4
28. 10. 2020
1
4
8
13
24
27
31
10
25. 10. 2020
3
7
23
26
32
34
39
2
21. 10. 2020
8
15
21
22
23
25
27
14
18. 10. 2020
4
9
16
22
29
33
37
13
14. 10. 2020
3
4
9
25
26
29
31
1
11. 10. 2020
3
4
5
11
17
19
31
23
07. 10. 2020
1
10
12
18
22
28
36
31
04. 10. 2020
1
4
19
26
30
37
38
18
30. 09. 2020
1
3
7
13
16
20
27
30
27. 09. 2020
4.038.623,59 €
eloterija.si
13
17
25
28
29
32
37
39
Sedmica je bila izžrebana
23. 09. 2020
6
9
10
23
33
34
39
27
20. 09. 2020
2
5
12
15
18
22
27
29
16. 09. 2020
11
12
21
22
28
32
35
18
13. 09. 2020
5
6
14
22
26
31
32
3
09. 09. 2020
3
15
17
26
27
34
37
13
06. 09. 2020
1
7
14
18
30
31
32
13
02. 09. 2020
2
13
15
21
24
30
34
33
30. 08. 2020
6
14
20
22
24
27
34
26
26. 08. 2020
1
2
8
16
22
31
37
18
23. 08. 2020
2
11
16
19
26
27
35
32
19. 08. 2020
3
5
6
9
17
23
24
25
16. 08. 2020
8
13
23
26
28
31
38
35
12. 08. 2020
11
14
23
26
30
36
39
31
09. 08. 2020
3
10
13
20
23
34
38
37
05. 08. 2020
2
4
6
18
23
26
36
15
02. 08. 2020
3
7
8
17
26
28
37
16
29. 07. 2020
2
28
29
30
32
34
37
6
26. 07. 2020
1
6
10
16
24
35
37
21
22. 07. 2020
3
7
8
10
14
18
23
32
19. 07. 2020
1
2
13
29
32
34
36
3
15. 07. 2020
11
24
25
26
31
33
36
17
12. 07. 2020
1
2
12
20
30
32
36
18
08. 07. 2020
1
18
19
20
23
24
31
30
05. 07. 2020
2
5
6
10
12
26
28
24

01. 07. 2020
6
13
14
17
28
32
36
1
28. 06. 2020
1
13
18
25
27
31
32
4
24. 06. 2020
1
16
21
30
34
35
37
29
21. 06. 2020
10
18
21
23
30
32
34
39
17. 06. 2020
11
13
15
22
23
30
33
35
14. 06. 2020
2
4
14
15
17
24
39
26
10. 06. 2020
3
14
15
17
23
32
33
28
07. 06. 2020
6
7
9
13
15
17
33
32
03. 06. 2020
6
18
21
34
35
36
37
23
31. 05. 2020
5
7
10
12
14
15
28
38
27. 05. 2020
3
5
6
8
18
28
31
22
24. 05. 2020
6
12
15
17
19
21
23
38
20. 05. 2020
1
5
10
11
16
37
39
6
17. 05. 2020
1
2
3
5
8
22
26
29
13. 05. 2020
1
3
4
7
10
19
24
11
10. 05. 2020
1
3
10
17
21
26
31
19
06. 05. 2020
8
17
19
27
28
34
39
36
03. 05. 2020
16
23
25
26
30
35
38
19
29. 04. 2020
1
8
10
12
14
18
25
33
26. 04. 2020
4
5
14
19
23
32
35
28
22. 04. 2020
1
10
14
24
25
33
35
27
19. 04. 2020
14
15
17
26
28
31
32
21
15. 04. 2020
3
8
11
24
26
27
32
16
12. 04. 2020
5
7
29
30
31
32
36
23
08. 04. 2020
8
18
22
23
25
32
36
14
05. 04. 2020
1
7
11
14
16
30
32
9
01. 04. 2020
6
15
20
21
32
33
37
13
29. 03. 2020
3
5
13
16
22
24
37
27
25. 03. 2020
6
9
10
25
31
34
37
39
22. 03. 2020
1
4
9
11
12
13
25
6
18. 03. 2020
9
13
16
17
20
21
35
3
15. 03. 2020
3
21
26
27
28
34
36
24
11. 03. 2020
7
10
11
22
31
32
39
8
08. 03. 2020
3
6
7
14
15
18
37
31
04. 03. 2020
1
16
26
30
32
34
37
6
01. 03. 2020
10
11
14
28
35
36
39
25
26. 02. 2020
7
10
11
12
19
31
32
15
23. 02. 2020
3
10
11
15
26
32
38
18
19. 02. 2020
2
6
13
14
21
29
36
3
16. 02. 2020
1
6
19
22
24
32
39
30
12. 02. 2020
12
15
17
21
25
27
28
31
09. 02. 2020
7
14
20
26
29
30
32
4
05. 02. 2020
10
20
21
26
27
32
39
2
02. 02. 2020
4
8
15
21
30
36
38
12
29. 01. 2020
2
14
15
22
30
31
36
38
26. 01. 2020
1
3
7
10
16
29
30
37
22. 01. 2020
9
12
22
30
35
36
39
7
19. 01. 2020
3
14
16
17
18
19
23
12
15. 01. 2020
3
4
21
23
31
35
39
36
12. 01. 2020
6
7
10
13
19
25
32
30
08. 01. 2020
4
7
17
18
29
37
38
28
05. 01. 2020
2
5
6
7
10
13
24
36

29. 12. 2019
2
8
11
15
30
31
33
23
25. 12. 2019
10
16
20
21
33
34
38
9
22. 12. 2019
5
7
9
12
16
22
29
4
18. 12. 2019
6
10
15
17
19
21
22
28
15. 12. 2019
6
8
9
14
24
25
38
7
11. 12. 2019
5
20
21
25
30
31
39
29
08. 12. 2019
2
10
16
25
27
33
39
35
04. 12. 2019
17
23
24
27
31
37
39
29
01. 12. 2019
4
6
7
15
16
29
30
3
27. 11. 2019
13
22
25
29
30
33
34
5
24. 11. 2019
13
15
20
27
31
34
35
29
20. 11. 2019
1
6
10
15
20
27
31
16
17. 11. 2019
14
18
21
22
33
34
36
15
13. 11. 2019
3
10
12
13
15
36
38
32
10. 11. 2019
5
10
16
19
24
27
36
14
06. 11. 2019
9
10
17
20
22
30
35
39
03. 11. 2019
8
10
16
19
27
29
37
17
30. 10. 2019
9
11
13
18
29
34
37
27
27. 10. 2019
14
23
25
28
29
31
34
39
23. 10. 2019
1
14
17
18
24
28
39
22
20. 10. 2019
1
9
11
17
22
28
33
29
16. 10. 2019
12
15
18
24
34
35
39
20
13. 10. 2019
3
15
22
29
31
32
36
28
09. 10. 2019
2
17
18
23
24
30
39
28
06. 10. 2019
1
7
8
11
20
27
38
19
02. 10. 2019
4
8
24
28
30
31
32
9
29. 09. 2019
3
5
7
11
13
26
36
17
25. 09. 2019
3
7
12
15
22
27
33
37
22. 09. 2019
10
22
30
33
34
35
36
5
18. 09. 2019
18
25
30
31
36
37
39
8
15. 09. 2019
13
15
17
24
26
27
36
23
11. 09. 2019
6
16
17
28
30
32
38
21
08. 09. 2019
4.522.103,66 €
Grosuplje
1
6
10
13
21
22
28
20
Sedmica je bila izžrebana
04. 09. 2019
2
3
6
10
13
16
26
12
01. 09. 2019
3
5
20
22
23
31
37
38
28. 08. 2019
2
9
12
16
29
31
38
1
25. 08. 2019
2
11
15
17
19
26
29
39
21. 08. 2019
2
7
8
17
19
29
35
38
18. 08. 2019
3
7
20
22
25
26
36
23
14. 08. 2019
7
8
13
17
23
26
32
16
11. 08. 2019
7
10
13
19
24
28
35
34
07. 08. 2019
5
12
13
15
16
21
27
25
04. 08. 2019
1
3
5
8
20
30
36
9
31. 07. 2019
1
11
15
23
25
35
36
38
28. 07. 2019
6
11
15
21
22
33
35
13
24. 07. 2019
2
7
8
11
19
34
36
4
21. 07. 2019
9
15
20
21
24
31
34
11
17. 07. 2019
12
14
20
22
25
27
39
16
14. 07. 2019
6
7
10
20
23
24
37
32
10. 07. 2019
22
25
29
31
32
34
36
20
07. 07. 2019
6
11
12
14
16
19
24
39
03. 07. 2019
19
20
25
33
35
37
39
17

30. 06. 2019
2
3
5
11
18
35
38
8
26. 06. 2019
1
10
11
28
29
30
34
21
23. 06. 2019
2
8
10
14
26
30
32
39
19. 06. 2019
1
6
8
18
24
36
39
4
16. 06. 2019
2
3
5
8
9
23
39
1
12. 06. 2019
2
9
10
11
14
21
28
13
09. 06. 2019
7
16
18
19
26
28
33
3
05. 06. 2019
2
8
13
19
22
27
32
20
02. 06. 2019
4
13
14
15
18
27
32
35
29. 05. 2019
3
14
20
25
33
35
38
36
26. 05. 2019
2
4
5
10
23
29
37
19
22. 05. 2019
3
4
8
10
16
19
23
26
19. 05. 2019
1
4
7
11
13
16
27
6
15. 05. 2019
2
4
12
26
28
29
37
32
12. 05. 2019
8
13
21
24
34
35
36
17
08. 05. 2019
7
8
21
25
30
35
37
14
05. 05. 2019
2
4
10
13
22
26
36
27
01. 05. 2019
3
4
8
16
22
32
38
20
28. 04. 2019
11
13
19
25
28
36
38
16
24. 04. 2019
3
10
14
18
32
35
37
36
21. 04. 2019
8
9
13
20
30
35
38
14
17. 04. 2019
1
7
14
17
20
25
39
26
14. 04. 2019
5
14
27
30
31
35
38
6
10. 04. 2019
5
11
29
31
35
36
39
13
07. 04. 2019
1
13
19
20
23
35
38
32
03. 04. 2019
6
9
12
15
17
25
30
33
31. 03. 2019
2
12
13
17
23
27
37
14
27. 03. 2019
1
5
13
14
21
27
29
3
24. 03. 2019
13
14
15
17
22
31
39
12
20. 03. 2019
8
10
18
26
28
33
39
13
17. 03. 2019
1
6
11
31
32
34
39
12
13. 03. 2019
12
16
30
32
33
34
36
23
10. 03. 2019
5
9
10
12
23
31
33
18
06. 03. 2019
11
17
18
20
23
27
36
8
03. 03. 2019
2
6
7
19
24
26
27
8
27. 02. 2019
4
5
14
30
34
37
39
33
24. 02. 2019
1
4
6
12
13
21
30
5
20. 02. 2019
15
20
27
29
33
35
36
38
17. 02. 2019
5
7
15
19
24
28
31
2
13. 02. 2019
1
5
7
10
16
32
37
19
10. 02. 2019
3
11
16
22
27
29
30
10
06. 02. 2019
1
5
9
12
35
36
38
30
03. 02. 2019
2
6
9
14
21
31
32
15
30. 01. 2019
6
17
19
25
26
35
39
11
27. 01. 2019
10
14
19
20
31
33
34
30
23. 01. 2019
4
11
20
21
24
27
29
16
20. 01. 2019
3
9
10
12
16
23
35
19
16. 01. 2019
2
8
18
19
20
21
34
9
13. 01. 2019
5
9
10
15
18
19
39
13
09. 01. 2019
5
11
17
26
29
30
39
34
06. 01. 2019
10
17
22
26
27
32
34
33
02. 01. 2019
6
12
22
24
25
26
34
27

30. 12. 2018
4
9
10
17
19
36
39
23
26. 12. 2018
6
8
14
18
21
23
32
30
23. 12. 2018
12
19
20
22
30
32
36
3
19. 12. 2018
1
14
19
20
24
27
33
16
16. 12. 2018
1.355.126,66 €
Pragersko
2
3
10
11
13
14
30
25
Sedmica je bila izžrebana
12. 12. 2018
7
12
17
19
22
31
36
34
09. 12. 2018
5
10
14
17
20
22
27
34
05. 12. 2018
12
16
20
23
24
38
39
10
02. 12. 2018
5
10
20
24
31
37
39
38
28. 11. 2018
3
6
14
30
31
32
33
13
25. 11. 2018
1
4
6
12
15
16
24
30
21. 11. 2018
2
5
8
9
11
17
33
28
18. 11. 2018
4
7
18
20
26
28
34
1
14. 11. 2018
4
8
10
18
21
22
39
2
11. 11. 2018
15
18
20
21
22
29
35
33
07. 11. 2018
9
15
22
23
29
32
38
30
04. 11. 2018
4
13
18
20
25
26
34
8
31. 10. 2018
3
12
21
26
31
33
39
16
28. 10. 2018
5
12
22
29
31
37
38
10
24. 10. 2018
7
8
9
12
17
27
39
35
21. 10. 2018
1
7
11
16
25
33
35
38
17. 10. 2018
8
13
14
15
23
24
38
30
14. 10. 2018
6
9
14
24
28
32
34
4
10. 10. 2018
6
16
18
19
21
33
35
27
07. 10. 2018
5
20
22
24
26
31
34
33
03. 10. 2018
12
14
15
30
34
38
39
19
30. 09. 2018
11
13
15
25
27
30
32
24
26. 09. 2018
9
11
12
15
20
22
32
30
23. 09. 2018
3
19
26
29
30
31
36
35
19. 09. 2018
1
6
12
25
30
31
37
24
16. 09. 2018
5
10
12
13
15
22
23
37
12. 09. 2018
1
10
12
19
20
35
37
17
09. 09. 2018
4.603.768,63 €
Ravne na Koroškem
1
2
4
7
9
21
38
26
Sedmica je bila izžrebana
05. 09. 2018
2
18
24
26
30
36
37
3
02. 09. 2018
15
17
20
23
24
26
35
38
29. 08. 2018
4
5
9
22
24
32
36
26
26. 08. 2018
5
6
11
21
25
32
39
24
22. 08. 2018
2
4
19
27
33
34
36
31
19. 08. 2018
2
12
14
15
16
26
38
27
15. 08. 2018
7
12
20
23
24
25
26
4
12. 08. 2018
6
9
15
16
21
25
38
7
08. 08. 2018
2
9
14
16
18
22
38
19
05. 08. 2018
2
4
9
21
22
26
34
1
01. 08. 2018
1
5
13
16
21
22
39
33
29. 07. 2018
12
26
30
31
35
37
38
13
25. 07. 2018
7
11
14
19
21
28
29
6
22. 07. 2018
12
16
25
29
31
33
34
7
18. 07. 2018
10
14
17
27
28
33
38
23
15. 07. 2018
20
23
25
26
33
34
36
37
11. 07. 2018
3
9
11
14
25
28
34
16
08. 07. 2018
8
21
23
26
31
32
35
38
04. 07. 2018
1
9
11
12
16
32
33
4

01. 07. 2018
3
10
16
20
21
33
39
13
27. 06. 2018
2
12
25
29
31
35
36
39
24. 06. 2018
3
11
12
19
26
27
32
36
20. 06. 2018
1
2
3
15
31
32
34
33
17. 06. 2018
1
6
22
30
31
35
36
11
13. 06. 2018
2
7
11
15
29
31
39
16
10. 06. 2018
4
12
17
18
25
30
33
13
06. 06. 2018
2
16
21
33
37
38
39
13
03. 06. 2018
4
5
7
26
30
31
35
16
30. 05. 2018
5
11
13
15
19
32
36
3
27. 05. 2018
6
11
14
17
21
28
35
20
23. 05. 2018
1
5
9
13
20
25
27
26
20. 05. 2018
4
20
22
31
35
38
39
36
16. 05. 2018
2
12
16
21
23
31
39
37
13. 05. 2018
13
17
27
29
31
33
39
24
09. 05. 2018
1
6
19
28
29
36
39
12
06. 05. 2018
5
18
20
21
22
29
35
24
02. 05. 2018
14
25
28
29
36
37
39
23
29. 04. 2018
2
7
11
12
17
25
36
27
25. 04. 2018
6
11
17
21
24
25
28
22
22. 04. 2018
7
8
9
11
12
23
36
37
18. 04. 2018
16
21
25
26
27
30
31
33
15. 04. 2018
1
4
5
12
20
34
38
9
11. 04. 2018
2
12
15
21
23
35
38
9
08. 04. 2018
3
12
14
22
31
36
38
32
04. 04. 2018
5
22
26
27
31
34
38
19
01. 04. 2018
6
9
13
22
25
26
39
36
28. 03. 2018
14
15
19
20
21
29
38
9
25. 03. 2018
4
9
20
21
22
35
38
7
21. 03. 2018
7
8
12
21
25
26
37
33
18. 03. 2018
10
11
20
24
28
36
37
2
14. 03. 2018
9
12
13
20
24
31
37
38
11. 03. 2018
1
2
6
11
18
19
31
12
07. 03. 2018
9
16
24
26
27
34
38
5
04. 03. 2018
3
11
12
16
27
35
38
21
28. 02. 2018
5
19
20
23
26
31
35
10
25. 02. 2018
9
12
16
19
22
25
34
37
21. 02. 2018
3
4
7
12
21
34
36
30
18. 02. 2018
2
9
14
19
23
31
33
38
14. 02. 2018
2
3
5
14
24
30
35
27
11. 02. 2018
2
12
18
22
23
28
38
34
07. 02. 2018
2
5
9
17
23
29
38
27
04. 02. 2018
2
13
20
23
32
34
38
19
31. 01. 2018
2
16
18
19
26
27
30
10
28. 01. 2018
18
20
21
27
32
38
39
26
24. 01. 2018
2
7
15
17
22
28
31
16
21. 01. 2018
16
18
23
26
28
33
34
19
17. 01. 2018
6
21
22
27
28
30
39
16
14. 01. 2018
16
17
21
30
31
34
36
23
10. 01. 2018
2
4
5
8
11
13
21
36
07. 01. 2018
3
8
14
24
29
33
34
23
03. 01. 2018
2
5
13
18
19
29
34
17

31. 12. 2017
6
7
8
17
32
35
38
29
27. 12. 2017
6
9
19
27
31
33
39
25
24. 12. 2017
11
25
26
27
30
32
37
6
20. 12. 2017
1
3
10
14
24
31
36
11
17. 12. 2017
7
10
19
21
22
25
34
36
13. 12. 2017
1
5
14
15
16
22
25
39
10. 12. 2017
2
12
19
20
23
30
36
24
06. 12. 2017
11
19
20
30
35
36
38
25
03. 12. 2017
4
6
9
11
14
37
39
5
29. 11. 2017
2
4
20
26
28
35
39
10
26. 11. 2017
253.940,02 €
Šentjur
6
7
10
13
17
29
36
1
Sedmica je bila izžrebana
22. 11. 2017
2
3
15
16
20
21
33
4
19. 11. 2017
1
13
14
18
20
32
38
27
15. 11. 2017
7
15
20
21
29
33
38
17
12. 11. 2017
3
7
12
13
19
26
39
9
08. 11. 2017
2
4
8
9
23
35
36
31
05. 11. 2017
1.261.171,83 €
Rače
10
13
15
18
20
29
30
33
Sedmica je bila izžrebana
01. 11. 2017
2
7
12
13
30
37
38
16
29. 10. 2017
13
25
31
32
34
36
38
8
25. 10. 2017
4
5
19
25
27
33
39
1
22. 10. 2017
2
8
12
17
18
32
38
34
18. 10. 2017
11
18
22
26
27
33
38
39
15. 10. 2017
1
15
19
22
27
30
35
8
11. 10. 2017
14
15
18
20
22
24
38
39
08. 10. 2017
4
7
10
14
21
26
37
8
04. 10. 2017
5
8
14
15
23
24
38
20
01. 10. 2017
5
12
15
25
29
33
36
9
27. 09. 2017
7
11
18
20
25
28
38
5
24. 09. 2017
5
10
14
23
24
36
38
8
20. 09. 2017
2
17
23
25
33
36
37
4
17. 09. 2017
2.048.108,23 €
Miren
2
7
11
20
28
37
39
22
Sedmica je bila izžrebana
13. 09. 2017
11
13
17
18
25
29
35
33
10. 09. 2017
4
5
16
21
25
28
36
13
06. 09. 2017
8
11
24
27
28
37
39
38
03. 09. 2017
4
9
15
19
25
29
34
35
30. 08. 2017
1
9
15
18
21
26
28
34
27. 08. 2017
4
5
10
11
25
27
33
23
23. 08. 2017
4
8
12
24
25
36
39
30
20. 08. 2017
5
12
14
32
35
36
39
10
16. 08. 2017
1
2
9
14
22
27
35
18
13. 08. 2017
2
14
15
23
30
34
39
8
09. 08. 2017
6
7
13
21
27
29
35
5
06. 08. 2017
1
2
7
11
30
37
39
15
02. 08. 2017
7
15
16
21
33
35
39
26
30. 07. 2017
2
6
13
20
29
32
38
25
26. 07. 2017
5
10
17
22
26
36
38
12
23. 07. 2017
10
12
16
23
26
34
35
36
19. 07. 2017
2
8
20
21
22
36
38
25
16. 07. 2017
7
9
10
13
18
32
33
4
12. 07. 2017
9
18
23
30
33
36
38
11
09. 07. 2017
1
9
14
15
20
31
33
23
05. 07. 2017
2
3
8
9
17
23
39
37

02. 07. 2017
1
4
12
13
22
34
38
28
28. 06. 2017
1
7
8
13
19
30
37
5
25. 06. 2017
6
11
22
24
32
37
39
9
21. 06. 2017
14
16
19
21
25
31
36
10
18. 06. 2017
4
14
16
20
22
37
38
26
14. 06. 2017
6
7
9
15
17
23
33
1
11. 06. 2017
2
8
12
15
22
23
32
9
07. 06. 2017
1
5
17
20
22
23
27
11
04. 06. 2017
6
8
23
24
26
32
33
34
31. 05. 2017
1
8
10
13
21
29
33
7
28. 05. 2017
14
18
20
21
28
31
36
7
24. 05. 2017
4
7
9
19
23
27
38
14
21. 05. 2017
10
12
14
17
19
23
35
32
17. 05. 2017
2
17
21
26
28
35
36
34
14. 05. 2017
3
17
20
25
35
36
37
5
10. 05. 2017
9
11
12
14
20
35
39
28
07. 05. 2017
4
6
7
16
18
22
32
27
03. 05. 2017
3
5
6
10
11
19
21
1
30. 04. 2017
685.814,54 €
Cerklje na Gorenjskem
2
7
15
23
31
36
39
13
Sedmica je bila izžrebana
26. 04. 2017
5
10
16
17
18
32
34
38
23. 04. 2017
19
25
27
28
31
33
37
15
19. 04. 2017
6
16
19
20
25
26
32
34
16. 04. 2017
1
2
3
8
14
16
24
5
12. 04. 2017
10
14
15
17
23
30
34
38
09. 04. 2017
1
9
12
20
21
24
36
14
05. 04. 2017
13
14
17
18
23
28
35
24
02. 04. 2017
5
14
15
20
24
32
37
35
29. 03. 2017
7
11
12
17
22
28
36
27
26. 03. 2017
14
17
18
23
28
36
37
25
22. 03. 2017
3
7
15
20
26
33
37
11
19. 03. 2017
3
14
15
20
21
24
38
17
15. 03. 2017
1.177.942,19 €
Nova Gorica
2
4
5
9
27
35
37
1
Sedmica je bila izžrebana
12. 03. 2017
3
10
22
27
32
36
37
11
08. 03. 2017
2
6
10
17
24
26
31
3
05. 03. 2017
4
14
17
26
29
33
36
8
01. 03. 2017
6
8
17
25
29
32
33
2
26. 02. 2017
3
9
15
23
32
34
38
6
22. 02. 2017
8
12
14
16
25
31
32
26
19. 02. 2017
2
3
13
16
25
35
36
30
15. 02. 2017
5
8
15
16
17
25
38
10
12. 02. 2017
1
2
4
7
13
27
33
23
08. 02. 2017
17
19
21
26
28
32
38
29
05. 02. 2017
4
6
14
21
33
34
38
31
01. 02. 2017
3
5
15
21
27
36
39
34
29. 01. 2017
11
15
24
27
33
35
36
9
25. 01. 2017
14
15
26
27
28
35
37
20
22. 01. 2017
2
8
17
21
22
24
25
28
18. 01. 2017
2
3
26
30
31
33
35
37
15. 01. 2017
3
14
15
17
30
34
39
29
11. 01. 2017
2
4
6
9
27
30
33
19
08. 01. 2017
5
8
14
22
25
35
39
3
04. 01. 2017
17
22
23
24
26
29
35
27

28. 12. 2016
3
5
6
8
9
30
35
24
25. 12. 2016
5
6
12
14
15
21
36
9
21. 12. 2016
11
16
18
19
21
22
32
1
18. 12. 2016
1
8
14
16
19
25
32
22
14. 12. 2016
7
8
11
20
24
28
30
32
11. 12. 2016
2
7
13
16
20
22
31
26
07. 12. 2016
10
15
17
28
29
32
37
12
04. 12. 2016
7
8
21
22
27
33
35
36
30. 11. 2016
1
4
16
20
27
28
38
32
27. 11. 2016
3
5
18
20
27
34
35
9
23. 11. 2016
4
5
6
16
25
27
29
23
20. 11. 2016
1
5
9
19
27
28
35
15
16. 11. 2016
3
5
7
8
19
23
29
22
13. 11. 2016
1
2
12
26
33
36
37
34
09. 11. 2016
1
17
22
27
29
34
38
14
06. 11. 2016
12
15
20
21
25
35
38
8
02. 11. 2016
1
3
7
12
17
25
29
32
30. 10. 2016
1
16
19
26
28
32
38
10
26. 10. 2016
9
20
23
25
27
33
36
4
23. 10. 2016
9
11
13
30
31
32
38
26
19. 10. 2016
14
16
18
26
27
28
39
13
16. 10. 2016
10
11
12
14
26
28
36
32
12. 10. 2016
2
11
14
15
28
29
32
38
09. 10. 2016
5
10
16
20
22
29
30
9
05. 10. 2016
12
13
16
20
24
25
35
5
02. 10. 2016
3
8
12
15
23
25
34
28
28. 09. 2016
2
3
9
11
13
14
15
4
25. 09. 2016
9
10
19
22
23
37
39
7
21. 09. 2016
4
9
17
24
29
34
35
30
18. 09. 2016
3
6
9
10
15
23
33
19
14. 09. 2016
6
7
8
11
12
17
38
2
11. 09. 2016
6
10
13
19
25
36
38
11
07. 09. 2016
2
4
14
15
30
31
35
38
04. 09. 2016
1
11
19
31
33
34
35
5
31. 08. 2016
1
6
11
13
21
24
39
17
28. 08. 2016
1
12
18
22
28
29
39
3
24. 08. 2016
250.000,00 €
Maribor
8
9
15
17
27
29
38
4
Sedmica je bila izžrebana
21. 08. 2016
2
7
10
21
24
26
29
16
17. 08. 2016
11
15
19
27
33
34
38
2
14. 08. 2016
6
16
18
23
26
30
33
39
10. 08. 2016
4
6
9
12
18
19
33
25
07. 08. 2016
590.534,87 €
Ravne na Koroškem
4
8
17
27
28
37
38
2
Sedmica je bila izžrebana
03. 08. 2016
14
16
23
27
36
38
39
10
31. 07. 2016
8
23
24
25
29
35
38
19
27. 07. 2016
9
20
25
31
32
36
39
18
24. 07. 2016
5
21
24
25
34
37
38
36
20. 07. 2016
10
17
21
25
27
31
34
24
17. 07. 2016
2
8
11
17
28
32
36
9
13. 07. 2016
11
12
23
24
31
32
35
2
10. 07. 2016
1
4
9
12
13
14
37
10
06. 07. 2016
1
10
11
18
19
28
34
39
03. 07. 2016
3
6
19
24
34
35
39
21

29. 06. 2016
3.486.281,64 €
Domžale
1
16
18
26
27
34
38
39
Sedmica je bila izžrebana
26. 06. 2016
8
14
17
22
23
35
39
20
22. 06. 2016
1
4
6
7
10
27
36
17
19. 06. 2016
11
14
19
23
24
27
29
35
15. 06. 2016
1
5
15
21
26
30
38
14
12. 06. 2016
8
12
22
32
34
37
38
20
08. 06. 2016
10
14
17
19
21
26
27
16
05. 06. 2016
1
4
6
21
23
28
34
19
01. 06. 2016
7
12
13
21
24
33
38
28
29. 05. 2016
2
3
5
7
26
31
35
33
25. 05. 2016
1
9
15
19
25
29
31
11
22. 05. 2016
1
11
22
26
32
35
37
19
18. 05. 2016
1
3
15
16
20
33
39
36
15. 05. 2016
13
16
20
31
35
37
39
4
11. 05. 2016
2
3
5
11
16
36
39
23
08. 05. 2016
1
2
9
12
18
19
37
29
04. 05. 2016
1
6
25
33
35
38
39
8
01. 05. 2016
9
11
18
20
24
26
27
34
27. 04. 2016
1
2
9
17
19
33
39
5
24. 04. 2016
3
5
14
20
21
25
30
24
20. 04. 2016
2
10
11
17
20
24
29
5
17. 04. 2016
6
19
20
24
27
31
39
15
13. 04. 2016
1
3
4
20
28
30
39
32
10. 04. 2016
5
14
16
17
31
32
37
13
06. 04. 2016
4
8
11
16
26
27
29
6
03. 04. 2016
1
8
12
14
23
24
32
37
30. 03. 2016
1
5
18
23
24
27
30
15
27. 03. 2016
1
10
13
21
35
36
39
27
23. 03. 2016
6
11
22
29
35
36
37
39
20. 03. 2016
10
21
23
25
28
32
36
38
16. 03. 2016
3
9
14
17
19
28
37
38
13. 03. 2016
3
4
6
8
25
26
38
24
09. 03. 2016
7
9
24
25
29
31
39
23
06. 03. 2016
7
14
21
23
28
31
39
29
02. 03. 2016
5
8
12
21
29
37
39
3
28. 02. 2016
5
6
12
21
23
25
27
4
24. 02. 2016
5
11
24
25
26
29
30
1
21. 02. 2016
3
9
15
16
17
18
21
8
17. 02. 2016
4
7
10
24
26
30
31
8
14. 02. 2016
10
21
23
24
25
26
31
3
10. 02. 2016
9
12
13
16
30
34
39
14
07. 02. 2016
1
7
12
13
19
23
24
25
03. 02. 2016
9
11
18
20
23
29
34
28
31. 01. 2016
1
8
24
31
34
38
39
26
27. 01. 2016
3
6
16
21
24
25
28
4
24. 01. 2016
4
8
15
20
22
28
38
36
20. 01. 2016
2
4
13
29
30
35
38
34
17. 01. 2016
3
4
15
17
24
32
36
33
13. 01. 2016
1
3
10
15
20
32
34
14
10. 01. 2016
250.000,00 €
Ljubljana
4
21
30
32
35
36
38
6
Sedmica je bila izžrebana
07. 01. 2016
852.493,90 €
Ljubljana-Polje
9
10
14
16
20
23
31
11
Sedmica je bila izžrebana
03. 01. 2016
13
14
22
28
29
32
38
36

30. 12. 2015
6
7
21
25
29
33
36
10
27. 12. 2015
1
2
9
13
27
31
37
3
23. 12. 2015
12
13
21
22
26
29
38
18
20. 12. 2015
2
8
11
12
13
22
24
25
16. 12. 2015
3
5
21
23
27
33
35
20
13. 12. 2015
4
8
10
28
30
35
39
17
09. 12. 2015
3
7
11
13
19
27
29
6
06. 12. 2015
9
12
15
26
32
37
38
17
02. 12. 2015
2
9
12
15
18
20
32
39
29. 11. 2015
1
8
19
20
21
25
29
26
25. 11. 2015
2
9
13
16
20
29
39
15
22. 11. 2015
15
18
25
26
32
34
37
11
18. 11. 2015
250.000,00 €
Novo mesto
2
6
8
12
20
24
37
35
Sedmica je bila izžrebana
15. 11. 2015
2
15
27
30
34
36
37
11
11. 11. 2015
3
7
13
24
26
28
31
22
08. 11. 2015
472.315,49 €
Celje
1
4
10
21
34
38
39
28
Sedmica je bila izžrebana
04. 11. 2015
4
7
13
18
29
31
37
32
01. 11. 2015
10
12
13
17
27
32
38
3
28. 10. 2015
8
17
24
31
34
36
39
7
25. 10. 2015
5
12
22
26
30
37
39
36
21. 10. 2015
12
13
15
16
19
21
36
11
18. 10. 2015
9
13
24
25
28
29
37
39
14. 10. 2015
10
14
18
22
25
33
37
38
11. 10. 2015
1.283.779,03 €
Maribor
3
5
12
15
17
27
39
6
Sedmica je bila izžrebana
07. 10. 2015
15
16
28
29
31
38
39
26
04. 10. 2015
3
6
14
24
30
31
35
13
30. 09. 2015
1
4
5
15
32
33
35
26
27. 09. 2015
1
9
13
14
21
22
23
33
23. 09. 2015
4
10
22
26
29
33
38
19
20. 09. 2015
9
10
12
14
17
23
24
1
16. 09. 2015
7
10
15
16
18
21
35
9
13. 09. 2015
10
13
14
17
23
29
30
22
09. 09. 2015
5
9
11
14
28
36
37
27
06. 09. 2015
2
15
20
22
25
27
37
34
02. 09. 2015
8
9
12
14
17
21
24
22
30. 08. 2015
4
10
11
13
21
24
35
36
26. 08. 2015
6
10
12
20
23
25
35
9
23. 08. 2015
8
9
17
24
25
26
31
20
19. 08. 2015
7
9
13
14
17
28
35
38
16. 08. 2015
6
14
15
19
26
29
32
39
12. 08. 2015
6
9
14
15
25
28
30
22
09. 08. 2015
16
17
18
19
27
32
39
8
05. 08. 2015
3
4
15
24
29
31
35
10
02. 08. 2015
456.446,52 €
Maribor
5
8
10
18
26
28
35
37
Sedmica je bila izžrebana
29. 07. 2015
2
15
17
22
23
25
38
3
26. 07. 2015
5
9
12
14
23
25
38
26
22. 07. 2015
2
5
12
13
14
32
35
27
19. 07. 2015
4
12
13
14
15
24
37
25
15. 07. 2015
5
8
9
10
11
19
38
12
12. 07. 2015
2
3
12
17
25
26
33
35
08. 07. 2015
5.000.000,00 €
Koper
2
3
13
17
19
24
37
25
Sedmica je bila izžrebana
05. 07. 2015
4
7
12
15
21
22
26
16

01. 07. 2015
4
8
10
13
28
30
36
34
28. 06. 2015
4
9
19
25
28
37
39
12
24. 06. 2015
3
7
10
13
21
34
39
14
21. 06. 2015
11
13
16
21
23
31
39
18
17. 06. 2015
1
3
4
7
16
19
38
33
14. 06. 2015
3
10
13
26
30
32
37
4
10. 06. 2015
5
6
9
11
18
21
22
26
07. 06. 2015
2
3
7
19
20
26
39
33
03. 06. 2015
3
9
12
16
17
18
33
37
31. 05. 2015
2
13
16
22
23
25
29
21
27. 05. 2015
2
9
16
20
21
29
33
10
24. 05. 2015
7
12
16
17
18
25
38
24
20. 05. 2015
8
20
25
26
30
35
38
22
17. 05. 2015
11
17
20
24
31
33
37
7
13. 05. 2015
6
8
13
27
29
35
36
39
10. 05. 2015
5
12
15
23
24
31
35
33
06. 05. 2015
3
4
19
26
28
29
36
27
03. 05. 2015
1
4
8
21
30
35
36
15
29. 04. 2015
9
12
23
26
30
34
39
33
26. 04. 2015
5
27
32
35
37
38
39
29
22. 04. 2015
3
4
11
17
28
30
33
2
19. 04. 2015
1
3
10
15
25
28
34
7
15. 04. 2015
4
11
13
16
30
31
36
25
12. 04. 2015
1
14
25
27
28
34
36
26
08. 04. 2015
7
10
15
24
31
36
37
3
05. 04. 2015
3
8
16
21
22
25
36
15
01. 04. 2015
1
5
20
21
29
30
31
26
29. 03. 2015
8
10
13
19
33
34
39
21
25. 03. 2015
6
8
12
13
24
27
36
35
22. 03. 2015
2
24
30
33
37
38
39
21
18. 03. 2015
3
20
23
26
28
32
34
5
15. 03. 2015
4
5
21
31
32
36
37
23
11. 03. 2015
2
9
10
15
20
22
24
3
08. 03. 2015
2
10
11
24
31
35
36
33
04. 03. 2015
1
5
11
12
23
29
30
3
01. 03. 2015
1
7
9
27
33
37
39
22
25. 02. 2015
5
18
23
25
34
35
38
3
22. 02. 2015
2
23
25
29
33
37
39
26
18. 02. 2015
4
12
13
17
24
26
27
7
15. 02. 2015
9
18
19
24
29
35
38
37
11. 02. 2015
3
16
17
26
29
33
34
18
08. 02. 2015
1
9
17
19
26
31
38
37
04. 02. 2015
19
26
27
28
30
31
36
13
01. 02. 2015
2
10
15
19
30
32
39
6
28. 01. 2015
2
10
12
30
33
38
39
37
25. 01. 2015
12
17
24
26
31
32
37
23
21. 01. 2015
12
13
17
26
27
29
30
24
18. 01. 2015
3
6
11
12
22
26
37
8
14. 01. 2015
3
11
13
16
19
24
28
12
11. 01. 2015
1
3
4
11
12
24
32
6
07. 01. 2015
2
13
16
27
31
34
36
38
04. 01. 2015
2
6
10
11
22
32
35
21

31. 12. 2014
7
8
12
13
18
19
20
37
28. 12. 2014
6
13
15
22
30
36
38
29
24. 12. 2014
3
6
8
17
30
32
39
21
21. 12. 2014
1
3
5
12
22
25
37
26
17. 12. 2014
3
4
7
8
30
31
32
5
14. 12. 2014
3
7
11
12
24
31
35
26
10. 12. 2014
3
12
17
20
33
37
38
7
07. 12. 2014
6
15
21
27
32
36
38
26
03. 12. 2014
1
5
6
9
13
15
39
33
30. 11. 2014
2.077.351,02 €
Ljubljana
3
7
13
16
19
33
36
8
Sedmica je bila izžrebana
26. 11. 2014
2
5
7
12
26
33
39
13
23. 11. 2014
6
8
17
18
19
22
35
32
19. 11. 2014
7
19
21
26
30
31
37
14
16. 11. 2014
3
4
11
17
25
29
36
15
12. 11. 2014
3
5
14
22
29
32
36
11
09. 11. 2014
1
6
22
24
31
36
37
27
05. 11. 2014
7
11
15
19
21
22
29
30
02. 11. 2014
7
12
15
20
29
35
37
5
29. 10. 2014
5
13
20
26
27
31
39
17
26. 10. 2014
1
6
17
18
22
28
31
13
22. 10. 2014
672.329,39 €
Grosuplje
2
6
11
13
18
23
36
12
Sedmica je bila izžrebana
19. 10. 2014
6
9
10
24
25
28
38
5
15. 10. 2014
4
7
9
13
28
31
32
37
12. 10. 2014
6
12
15
22
25
30
36
7
08. 10. 2014
17
19
20
22
28
33
38
25
05. 10. 2014
3
13
18
19
20
26
36
38
01. 10. 2014
5
9
13
28
31
33
37
22
28. 09. 2014
4
5
11
19
30
33
39
22
24. 09. 2014
2
7
15
19
25
34
35
14
21. 09. 2014
7
11
20
23
33
37
39
16
17. 09. 2014
3.826.930,97 €
www.eloterija.si
1
5
12
15
25
28
39
37
Sedmica je bila izžrebana
14. 09. 2014
1
4
5
9
13
16
33
3
10. 09. 2014
11
20
29
30
31
35
38
23
07. 09. 2014
6
11
18
19
25
26
27
31
03. 09. 2014
1
11
16
21
28
36
37
20
31. 08. 2014
9
10
11
18
22
31
32
12
27. 08. 2014
5
18
21
29
34
35
38
4
24. 08. 2014
3
4
9
12
18
19
30
20
20. 08. 2014
1
5
6
9
13
17
38
26
17. 08. 2014
1
7
11
21
27
35
38
31
13. 08. 2014
1
2
12
13
20
33
36
3
10. 08. 2014
3
6
20
24
30
35
36
32
06. 08. 2014
3
4
7
10
21
22
27
18
03. 08. 2014
1
2
6
9
18
25
33
28
30. 07. 2014
4
12
14
18
25
27
34
11
27. 07. 2014
7
10
14
20
33
38
39
35
23. 07. 2014
2
5
23
26
27
34
35
4
20. 07. 2014
6
10
13
15
26
30
34
12
16. 07. 2014
6
15
18
23
24
28
38
29
13. 07. 2014
15
24
31
34
36
37
38
18
09. 07. 2014
4
13
23
24
25
35
38
11
06. 07. 2014
13
19
21
24
26
32
37
12

02. 07. 2014
7
8
18
20
28
30
33
26
29. 06. 2014
5
15
16
21
29
30
33
7
25. 06. 2014
2
22
23
24
29
30
38
12
22. 06. 2014
3
11
14
20
31
36
39
9
18. 06. 2014
5
14
25
26
31
32
35
37
15. 06. 2014
1
2
8
18
27
31
35
34
11. 06. 2014
11
14
15
20
22
29
34
31
08. 06. 2014
7
8
20
30
31
33
35
32
04. 06. 2014
3
14
15
24
28
31
39
36
01. 06. 2014
5
10
18
29
30
35
39
14
28. 05. 2014
10
13
18
22
27
32
39
15
25. 05. 2014
5
13
16
20
22
25
33
18
21. 05. 2014
2
5
14
19
22
24
29
37
18. 05. 2014
4
8
10
22
23
31
33
11
14. 05. 2014
1
4
12
25
32
35
38
33
11. 05. 2014
15
20
26
31
33
34
35
21
07. 05. 2014
7
13
15
26
33
35
36
14
04. 05. 2014
4
6
13
21
31
33
38
5
30. 04. 2014
10
12
21
27
28
32
36
4
27. 04. 2014
3
9
15
20
26
27
28
13
23. 04. 2014
1
8
10
12
17
32
34
35
20. 04. 2014
1
2
3
10
11
20
26
19
16. 04. 2014
8
12
13
14
17
20
32
33
13. 04. 2014
1
11
17
28
31
32
35
26
09. 04. 2014
1
7
11
18
22
23
34
12
06. 04. 2014
1
2
4
8
19
36
38
31
02. 04. 2014
3
5
6
9
29
30
38
25
30. 03. 2014
6
9
10
13
26
27
36
11
26. 03. 2014
1
2
12
15
16
21
23
11
23. 03. 2014
9
23
27
30
31
34
35
32
19. 03. 2014
6
10
16
26
27
28
31
36
16. 03. 2014
15
22
26
27
28
31
33
24
12. 03. 2014
14
15
21
24
35
37
39
12
09. 03. 2014
11
14
15
20
21
25
30
33
05. 03. 2014
2
4
7
14
16
22
32
11
02. 03. 2014
1
6
12
17
29
32
36
9
26. 02. 2014
2
6
8
16
26
28
29
24
23. 02. 2014
4
5
7
19
20
36
37
25
19. 02. 2014
3
14
15
20
23
32
35
39
16. 02. 2014
352.276,34 €
Koper
4
6
20
28
32
34
35
8
Sedmica je bila izžrebana
12. 02. 2014
2
5
10
23
25
27
37
39
09. 02. 2014
1
7
16
23
27
37
39
31
05. 02. 2014
1
2
9
11
23
33
34
27
02. 02. 2014
2
18
25
27
28
31
33
12
29. 01. 2014
4
6
18
21
23
27
34
15
26. 01. 2014
2
13
15
20
26
27
28
37
22. 01. 2014
6
17
19
21
27
29
35
18
19. 01. 2014
2.886.714,15 €
Jesenice
2
5
8
24
27
36
37
28
Sedmica je bila izžrebana
15. 01. 2014
5
6
16
18
33
35
39
12
12. 01. 2014
1
5
7
10
21
22
31
29
08. 01. 2014
1
3
17
19
32
33
36
23
05. 01. 2014
6
19
22
26
31
37
39
3

29. 12. 2013
12
15
20
21
23
31
39
24
25. 12. 2013
2
5
7
16
19
21
37
36
22. 12. 2013
1
9
14
22
25
27
32
34
18. 12. 2013
5
14
15
26
27
29
36
38
15. 12. 2013
10
11
16
18
21
29
33
27
11. 12. 2013
1
6
20
30
33
35
37
17
08. 12. 2013
5
6
8
9
26
34
38
16
04. 12. 2013
3
13
17
21
28
29
38
2
01. 12. 2013
14
22
24
27
29
33
36
10
27. 11. 2013
8
14
18
30
31
33
34
11
24. 11. 2013
6
18
22
24
26
27
29
34
20. 11. 2013
3
11
28
32
35
36
37
38
17. 11. 2013
6
11
16
19
23
24
36
39
13. 11. 2013
5
6
13
20
28
33
37
4
10. 11. 2013
4
14
20
30
33
37
39
1
06. 11. 2013
2
4
16
17
24
27
28
33
03. 11. 2013
6
7
12
15
32
38
39
23
30. 10. 2013
8
10
17
19
25
27
31
33
27. 10. 2013
5
7
11
16
19
20
26
4
23. 10. 2013
9
10
21
23
25
35
38
12
20. 10. 2013
1
4
9
11
22
23
38
8
16. 10. 2013
10
11
18
22
23
33
37
36
13. 10. 2013
4
5
12
15
19
20
38
17
09. 10. 2013
5
8
12
27
31
37
39
33
06. 10. 2013
1
4
8
18
32
38
39
31
02. 10. 2013
13
15
18
22
31
32
37
27
29. 09. 2013
1
4
9
15
16
24
30
6
25. 09. 2013
6
9
13
15
16
17
30
29
22. 09. 2013
5
7
24
26
31
32
35
13
18. 09. 2013
3
17
18
21
23
27
31
38
15. 09. 2013
1
2
3
13
14
15
21
9
11. 09. 2013
5
10
13
18
21
34
37
3
08. 09. 2013
4
8
13
19
23
27
36
12
04. 09. 2013
6
10
11
15
17
24
30
19
01. 09. 2013
15
17
21
22
23
30
36
16
28. 08. 2013
9
16
17
29
30
32
35
19
25. 08. 2013
1.497.523,31 €
Maribor 2x
4
10
15
20
24
26
34
21
Sedmica je bila izžrebana
21. 08. 2013
4
14
19
21
24
26
29
7
18. 08. 2013
4
8
13
23
26
30
36
2
14. 08. 2013
11
14
15
22
24
25
30
16
11. 08. 2013
6
8
12
14
26
34
35
15
07. 08. 2013
20
22
27
28
36
37
38
2
04. 08. 2013
4
9
15
21
22
31
38
5
31. 07. 2013
2
10
14
17
26
28
36
25
28. 07. 2013
4
11
13
21
25
29
32
7
24. 07. 2013
12
15
21
25
27
33
35
17
21. 07. 2013
12
16
19
22
26
35
36
24
17. 07. 2013
9
15
16
17
18
31
38
34
14. 07. 2013
4
10
13
18
25
30
33
22
10. 07. 2013
6
11
16
21
23
33
38
34
07. 07. 2013
1
8
27
34
35
36
37
6
03. 07. 2013
7
9
10
19
22
24
36
23

30. 06. 2013
9
11
13
16
24
29
37
15
26. 06. 2013
6
7
19
25
26
29
36
5
23. 06. 2013
2
4
6
15
19
25
30
10
19. 06. 2013
1
5
14
16
23
24
27
28
16. 06. 2013
1
8
12
26
35
37
38
24
12. 06. 2013
10
11
16
22
24
28
36
37
09. 06. 2013
12
14
19
24
26
29
36
22
05. 06. 2013
3
9
13
25
31
34
36
16
02. 06. 2013
2
11
22
24
25
31
34
28
29. 05. 2013
6
9
10
12
26
31
34
7
26. 05. 2013
3
6
9
11
21
25
26
4
22. 05. 2013
1
5
16
26
31
36
38
20
19. 05. 2013
9
11
12
13
17
30
36
35
15. 05. 2013
2
7
11
18
23
30
34
15
12. 05. 2013
1
16
26
30
35
38
39
12
08. 05. 2013
1
2
11
22
25
26
29
31
05. 05. 2013
1
10
20
25
30
32
38
39
01. 05. 2013
9
14
24
25
26
32
35
29
28. 04. 2013
1
2
7
22
32
38
39
26
24. 04. 2013
1
13
22
31
32
33
35
6
21. 04. 2013
8
11
12
21
22
24
30
2
17. 04. 2013
6
7
11
25
29
34
35
21
14. 04. 2013
5
7
10
22
32
36
38
39
10. 04. 2013
2
8
10
32
34
37
38
4
07. 04. 2013
3
5
8
18
20
25
33
31
03. 04. 2013
3
13
19
23
27
29
36
12
31. 03. 2013
3
12
21
25
26
36
38
31
27. 03. 2013
7
14
16
17
20
22
35
38
24. 03. 2013
1.390.157,94 €
Domžale
4
6
8
23
25
33
35
39
Sedmica je bila izžrebana
20. 03. 2013
11
13
16
28
29
33
36
18
17. 03. 2013
4
7
11
13
14
36
37
3
13. 03. 2013
3
5
12
17
21
32
33
36
10. 03. 2013
5
18
19
21
27
31
33
15
06. 03. 2013
6
17
19
25
27
31
38
26
03. 03. 2013
2
7
10
11
12
19
27
21
27. 02. 2013
1
10
13
15
17
32
38
9
24. 02. 2013
2
4
7
8
13
15
34
20
20. 02. 2013
5
15
17
21
22
23
38
3
17. 02. 2013
1
2
5
9
27
29
30
12
13. 02. 2013
1
5
9
11
18
27
33
14
10. 02. 2013
4
12
18
24
29
31
34
32
06. 02. 2013
2
3
26
30
34
37
38
27
03. 02. 2013
10
17
19
22
31
35
38
24
30. 01. 2013
5
6
13
28
30
36
38
12
27. 01. 2013
10
11
18
23
26
28
34
12
23. 01. 2013
5
20
24
26
33
34
39
17
20. 01. 2013
4
7
8
15
18
32
39
9
16. 01. 2013
2
6
17
30
34
36
38
9
13. 01. 2013
14
16
19
20
23
37
39
32
09. 01. 2013
12
23
27
29
34
35
39
17
06. 01. 2013
10
16
17
25
28
32
38
8
02. 01. 2013
3
4
5
8
13
30
32
20

30. 12. 2012
250.000,00 €
Brežice
5
6
15
18
26
27
36
29
Sedmica je bila izžrebana
26. 12. 2012
251.675,05 €
Kranjska Gora
10
12
14
17
26
27
35
25
Sedmica je bila izžrebana
23. 12. 2012
4
10
12
14
15
32
36
20
19. 12. 2012
8
11
14
16
23
24
29
39
16. 12. 2012
3
9
18
21
22
25
34
39
12. 12. 2012
2
9
11
21
22
35
39
31
09. 12. 2012
250.000,00 €
Ljubljana
6
7
12
15
23
26
30
32
Sedmica je bila izžrebana
05. 12. 2012
7
21
23
28
31
37
38
29
02. 12. 2012
250.000,00 €
Ormož
11
12
18
20
21
27
37
10
Sedmica je bila izžrebana
28. 11. 2012
11
17
25
27
28
36
38
39
25. 11. 2012
8
10
17
18
19
20
27
32
21. 11. 2012
1
3
8
13
15
27
35
31
18. 11. 2012
2.137.530,28 €
Ajdovščina
7
9
13
18
21
32
39
3
Sedmica je bila izžrebana
14. 11. 2012
9
13
19
21
23
25
38
22
11. 11. 2012
4
7
31
32
34
36
37
22
07. 11. 2012
2
3
13
23
29
30
35
1
04. 11. 2012
2
10
12
28
34
35
38
23
31. 10. 2012
6
8
9
18
22
24
39
28
28. 10. 2012
2
4
13
20
34
35
38
7
24. 10. 2012
10
11
13
17
20
21
22
14
21. 10. 2012
11
14
16
21
25
31
32
13
17. 10. 2012
6
10
11
15
22
31
32
7
14. 10. 2012
3
7
8
15
23
24
32
2
10. 10. 2012
1
5
18
20
23
28
38
36
07. 10. 2012
5
7
14
17
32
33
39
6
03. 10. 2012
1
20
25
27
29
31
33
35
30. 09. 2012
6
10
21
22
27
31
33
30
26. 09. 2012
11
14
19
21
22
25
37
33
23. 09. 2012
2
13
15
21
22
33
38
39
19. 09. 2012
7
9
22
23
28
30
39
18
16. 09. 2012
4
17
18
23
29
31
32
39
12. 09. 2012
7
15
19
27
29
31
32
9
09. 09. 2012
8
11
18
20
22
30
31
33
05. 09. 2012
9
11
19
30
32
36
39
25
02. 09. 2012
1
10
18
33
36
37
39
8
29. 08. 2012
2
6
9
11
19
27
39
8
26. 08. 2012
8
11
13
15
29
34
36
39
22. 08. 2012
4
5
12
17
25
28
33
3
19. 08. 2012
2
4
8
12
26
34
36
16
15. 08. 2012
7
15
24
27
31
38
39
1
12. 08. 2012
2
5
6
14
23
29
31
25
08. 08. 2012
5
16
22
25
30
31
34
19
05. 08. 2012
1.575.131,51 €
Kranj
11
13
15
18
24
27
29
23
Sedmica je bila izžrebana
01. 08. 2012
7
15
17
21
28
36
37
31
29. 07. 2012
8
9
15
18
23
31
38
22
25. 07. 2012
4
11
23
28
32
36
39
26
22. 07. 2012
4
6
9
20
28
29
34
19
18. 07. 2012
11
13
20
29
34
36
38
3
15. 07. 2012
1
9
22
25
26
30
31
15
11. 07. 2012
12
13
18
25
27
30
31
2
08. 07. 2012
1
6
22
26
31
35
38
39
04. 07. 2012
7
12
14
15
23
35
39
18

01. 07. 2012
2
16
17
18
20
28
38
15
27. 06. 2012
2
3
5
7
20
21
36
39
24. 06. 2012
4
11
25
27
29
31
38
35
20. 06. 2012
7
20
22
25
26
31
32
29
17. 06. 2012
3
6
10
12
21
26
32
2
13. 06. 2012
6
17
18
23
26
27
32
30
10. 06. 2012
1
18
30
34
35
37
38
2
06. 06. 2012
4
6
12
13
25
36
37
8
03. 06. 2012
10
15
16
19
31
33
34
12
30. 05. 2012
17
21
25
28
30
37
38
16
27. 05. 2012
15
20
22
26
28
30
37
35
23. 05. 2012
7
8
16
21
26
33
39
36
20. 05. 2012
882.142,00 €
Velenje
1
5
6
10
18
22
26
39
Sedmica je bila izžrebana
16. 05. 2012
5
9
19
30
32
35
37
6
13. 05. 2012
2
3
10
16
27
33
35
11
09. 05. 2012
6
12
14
17
18
25
29
4
06. 05. 2012
7
13
18
22
29
31
38
26
02. 05. 2012
4
6
11
13
16
17
22
38
29. 04. 2012
3
5
13
14
25
30
37
34
25. 04. 2012
2
4
5
9
23
25
29
24
22. 04. 2012
9
11
26
30
36
38
39
4
18. 04. 2012
5
12
21
25
26
29
39
2
15. 04. 2012
2
11
12
16
18
22
24
21
11. 04. 2012
1
3
8
12
18
32
39
11
08. 04. 2012
18
20
21
22
23
26
32
7
04. 04. 2012
23
24
26
28
33
37
38
34
01. 04. 2012
250.000,00 €
Dobova
4
5
9
18
23
29
34
37
Sedmica je bila izžrebana
28. 03. 2012
250.000,00 €
Kranj
6
8
11
16
19
23
35
14
Sedmica je bila izžrebana
25. 03. 2012
10
20
27
31
33
34
35
21
21. 03. 2012
11
14
24
30
33
38
39
21
18. 03. 2012
7
11
16
24
32
34
39
8
14. 03. 2012
416.803,04 €
Maribor
4
10
15
17
22
27
32
25
Sedmica je bila izžrebana
11. 03. 2012
1
5
7
23
27
29
34
26
07. 03. 2012
7
28
29
32
33
34
35
23
04. 03. 2012
1
10
11
16
18
29
36
31
29. 02. 2012
3
7
8
10
17
23
25
16
26. 02. 2012
7
12
14
17
20
28
38
33
22. 02. 2012
250.000,00 €
Idrija
1
6
8
10
15
26
29
30
Sedmica je bila izžrebana
19. 02. 2012
473.843,86 €
Žalec
8
10
29
33
35
38
39
32
Sedmica je bila izžrebana
15. 02. 2012
2
6
9
12
20
21
24
34
12. 02. 2012
3
4
12
16
19
29
34
25
08. 02. 2012
6
7
9
10
16
26
36
12
05. 02. 2012
5
9
21
27
29
31
32
33
01. 02. 2012
8
12
19
33
34
36
37
4
29. 01. 2012
4.872.229,44 €
MARIBOR
14
16
19
20
27
31
38
9
Sedmica je bila izžrebana
25. 01. 2012
4
6
9
15
17
21
24
37
22. 01. 2012
3
5
6
13
17
23
30
1
18. 01. 2012
9
16
18
22
23
32
39
25
15. 01. 2012
15
17
25
28
35
37
39
34
11. 01. 2012
4
7
8
15
24
25
28
18
08. 01. 2012
6
7
21
29
32
34
37
22
04. 01. 2012
5
6
13
14
19
29
36
2

28. 12. 2011
5
12
18
21
29
37
38
32
25. 12. 2011
5
15
17
20
22
23
35
29
21. 12. 2011
6
8
9
17
18
30
36
31
18. 12. 2011
3
17
19
28
31
33
37
1
14. 12. 2011
13
14
17
25
28
30
38
34
11. 12. 2011
1
8
13
15
25
31
33
28
07. 12. 2011
5
8
11
20
25
27
34
17
04. 12. 2011
3
4
8
11
27
35
39
36
30. 11. 2011
6
9
15
20
28
31
36
24
27. 11. 2011
7
12
20
22
28
30
34
39
23. 11. 2011
6
11
14
21
23
24
35
37
20. 11. 2011
5
11
19
30
33
35
38
31
16. 11. 2011
7
8
14
17
18
28
32
30
13. 11. 2011
8
10
13
20
23
27
34
7
09. 11. 2011
6
12
16
28
31
32
38
25
06. 11. 2011
8
9
11
12
31
33
34
1
02. 11. 2011
6
8
11
18
19
21
22
35
30. 10. 2011
1
11
12
22
28
37
38
30
26. 10. 2011
1
3
12
16
19
27
32
35
23. 10. 2011
8
12
20
22
24
26
34
4
19. 10. 2011
4
7
12
24
26
30
36
37
16. 10. 2011
6
25
26
28
29
32
37
34
12. 10. 2011
5
8
23
24
26
28
30
1
09. 10. 2011
1.665.749,38 €
Murska sobota
4
10
15
25
29
34
37
12
Sedmica je bila izžrebana
05. 10. 2011
1
2
8
23
24
36
37
13
02. 10. 2011
2
16
19
21
25
35
36
8
28. 09. 2011
16
18
19
20
28
32
34
24
25. 09. 2011
8
17
19
21
23
26
39
37
21. 09. 2011
14
16
20
23
30
31
36
9
18. 09. 2011
2
13
16
22
23
31
37
32
14. 09. 2011
1
9
16
20
29
34
37
10
11. 09. 2011
5
6
8
16
26
29
36
32
07. 09. 2011
10
14
19
28
31
34
35
2
04. 09. 2011
9
10
17
20
21
30
39
2
31. 08. 2011
8
11
21
28
33
34
37
36
28. 08. 2011
1
9
10
13
14
28
29
4
24. 08. 2011
4
10
13
19
30
35
37
31
21. 08. 2011
3
12
28
29
30
35
39
4
17. 08. 2011
7
16
22
24
29
30
33
12
14. 08. 2011
2
13
18
21
22
36
38
20
10. 08. 2011
2
12
17
19
23
26
27
13
07. 08. 2011
2
3
16
19
23
27
39
12
03. 08. 2011
13
16
24
28
32
37
38
14
31. 07. 2011
4
25
26
27
34
35
38
24
27. 07. 2011
1
6
7
10
11
20
38
9
24. 07. 2011
1.365.810,33 €
Ljubljana
1
13
14
16
18
29
37
27
Sedmica je bila izžrebana
20. 07. 2011
5
12
17
19
21
34
38
7
17. 07. 2011
3
8
17
20
21
25
30
6
13. 07. 2011
1
2
4
16
18
21
22
28
10. 07. 2011
1
3
5
6
9
21
26
13
06. 07. 2011
7
10
15
16
17
36
38
29
03. 07. 2011
5
11
19
20
28
31
39
9

29. 06. 2011
4
5
16
20
26
27
34
30
26. 06. 2011
10
11
13
14
25
30
36
19
22. 06. 2011
12
13
20
27
34
35
36
31
19. 06. 2011
3
7
18
30
33
36
39
2
15. 06. 2011
2
8
11
12
14
17
33
28
12. 06. 2011
1
10
14
19
22
25
35
28
08. 06. 2011
1
3
9
10
13
25
26
35
05. 06. 2011
18
20
21
28
31
33
34
37
01. 06. 2011
5
12
13
15
18
28
30
27
29. 05. 2011
2
5
12
15
30
38
39
25
25. 05. 2011
5
6
21
29
30
33
38
39
22. 05. 2011
2
3
16
25
26
28
31
35
18. 05. 2011
1.727.875,64 €
Kranj
4
12
14
17
22
30
37
8
Sedmica je bila izžrebana
15. 05. 2011
2
6
20
25
35
36
37
5
11. 05. 2011
5
9
17
19
23
34
35
30
08. 05. 2011
3
11
15
22
24
27
30
31
04. 05. 2011
8
14
16
22
24
28
33
39
01. 05. 2011
6
7
15
22
26
32
37
35
27. 04. 2011
6
7
9
20
24
26
38
35
24. 04. 2011
1
5
8
17
25
30
35
22
20. 04. 2011
1
12
15
27
30
34
38
24
17. 04. 2011
1
6
8
15
33
34
38
39
13. 04. 2011
15
21
22
27
31
32
37
14
10. 04. 2011
13
14
22
24
27
35
37
17
06. 04. 2011
10
21
29
30
34
35
39
26
03. 04. 2011
2
17
23
25
29
33
34
27
30. 03. 2011
4
8
12
15
31
34
39
23
27. 03. 2011
14
21
23
24
26
33
36
22
23. 03. 2011
12
14
20
24
26
31
34
13
20. 03. 2011
1
6
13
17
20
24
27
16
16. 03. 2011
3
9
11
14
24
34
35
16
13. 03. 2011
3
6
9
16
17
25
38
2
09. 03. 2011
15
17
18
19
20
26
38
8
06. 03. 2011
1
7
12
15
17
28
34
30
02. 03. 2011
2
5
9
12
18
19
36
21
27. 02. 2011
125.000,00 €
Ljubljana, Kranj
4
11
12
23
24
27
35
7
Sedmica je bila izžrebana
23. 02. 2011
5
6
9
21
28
36
37
18
20. 02. 2011
583.978,61 €
Ljubljana
5
6
12
17
20
23
38
3
Sedmica je bila izžrebana
16. 02. 2011
8
11
13
22
24
37
39
9
13. 02. 2011
1
7
8
35
37
38
39
2
09. 02. 2011
2
6
8
18
27
36
37
32
06. 02. 2011
2
8
11
16
28
30
33
20
02. 02. 2011
2
11
12
26
28
29
32
16
30. 01. 2011
8
18
19
25
34
35
38
20
26. 01. 2011
11
15
16
28
31
35
36
4
23. 01. 2011
11
16
23
24
30
31
32
28
19. 01. 2011
295.651,31 €
Oplotnica
2
6
12
22
27
31
35
25
Sedmica je bila izžrebana
16. 01. 2011
2
8
18
26
27
30
33
32
12. 01. 2011
12
18
22
27
30
31
33
21
09. 01. 2011
1
9
11
20
22
29
34
32
05. 01. 2011
6
9
12
16
29
30
38
4
02. 01. 2011
751.377,86 €
Šempeter pri Gorici
5
7
10
13
20
22
36
8

29. 12. 2010
8
10
11
15
16
35
37
38
26. 12. 2010
10
21
22
26
31
36
39
17
22. 12. 2010
2
3
5
12
24
25
27
11
19. 12. 2010
1
2
8
10
16
21
39
31
15. 12. 2010
2
6
10
11
24
26
31
17
12. 12. 2010
7
9
19
20
24
30
36
34
08. 12. 2010
1
9
13
17
18
28
36
6
05. 12. 2010
4
6
13
14
20
22
34
28
01. 12. 2010
2
5
15
27
28
36
37
34
28. 11. 2010
2
5
7
21
27
32
34
13
24. 11. 2010
2
8
9
10
20
23
31
34
21. 11. 2010
200.000,00 €
Poljčane
1
5
6
8
11
17
26
15
Sedmica je bila izžrebana
17. 11. 2010
3
4
6
7
10
17
25
12
14. 11. 2010
498.913,41 €
Črnomelj
3
4
10
13
23
26
39
1
Sedmica je bila izžrebana
10. 11. 2010
4
10
14
17
33
34
37
19
07. 11. 2010
8
16
22
27
35
36
38
25
03. 11. 2010
7
8
18
19
21
32
38
25
31. 10. 2010
2
6
13
18
19
35
38
21
27. 10. 2010
4
6
14
15
19
24
29
20
24. 10. 2010
13
14
18
21
28
35
37
5
20. 10. 2010
3
12
13
14
20
29
35
25
17. 10. 2010
66.666,66 €
Ljubljana 2x, Celje
2
6
9
17
20
28
32
5
Sedmica je bila izžrebana
13. 10. 2010
152.299,72 €
Lj 2x, Ivančna Gorica
1
9
11
16
30
32
39
37
Sedmica je bila izžrebana
10. 10. 2010
1
6
7
10
33
35
36
29
06. 10. 2010
1
15
22
28
33
37
38
16
03. 10. 2010
1
17
23
26
28
31
39
38
29. 09. 2010
2
11
14
21
29
35
39
12
26. 09. 2010
2
7
22
24
28
33
37
29
22. 09. 2010
3
4
7
9
16
24
27
13
19. 09. 2010
492.862,61 €
Ljubljana
3
6
8
11
13
26
32
34
Sedmica je bila izžrebana
15. 09. 2010
4
10
14
21
22
23
36
32
12. 09. 2010
4
10
13
20
25
32
36
23
08. 09. 2010
1
10
12
16
17
21
27
34
05. 09. 2010
1
5
6
7
23
28
36
3
01. 09. 2010
1
3
4
9
21
26
27
38
29. 08. 2010
2
8
16
23
24
25
39
13
25. 08. 2010
200.000,00 €
Ljubljana
7
9
10
23
32
35
39
3
Sedmica je bila izžrebana
22. 08. 2010
200.000,00 €
Slovenska Bistrica
8
16
24
25
29
34
36
1
Sedmica je bila izžrebana
18. 08. 2010
4
5
11
19
22
36
39
8
15. 08. 2010
506.475,30 €
Beltinci
1
12
13
14
21
31
33
24
Sedmica je bila izžrebana
11. 08. 2010
10
13
17
18
27
29
34
16
08. 08. 2010
7
17
27
30
31
32
38
19
04. 08. 2010
2
6
8
10
23
26
35
38
01. 08. 2010
6
7
9
19
22
24
35
37
28. 07. 2010
5
13
15
18
21
28
34
39
25. 07. 2010
5
14
17
18
22
33
38
26
21. 07. 2010
2
12
16
27
32
33
37
28
18. 07. 2010
475.651,38 €
Beltinci
13
14
19
24
25
35
39
21
Sedmica je bila izžrebana
14. 07. 2010
3
6
9
20
22
25
26
24
11. 07. 2010
2
8
9
22
25
29
37
31
07. 07. 2010
3
4
9
16
17
35
39
30
04. 07. 2010
1
2
8
14
32
37
39
27

30. 06. 2010
7
15
19
20
28
33
39
17
27. 06. 2010
4
8
14
19
26
28
39
10
23. 06. 2010
3
14
18
22
30
33
37
38
20. 06. 2010
577.459,01 €
Trebnje
10
11
12
14
15
25
38
20
Sedmica je bila izžrebana
16. 06. 2010
6
9
14
18
20
29
35
5
13. 06. 2010
12
13
15
20
30
35
39
1
09. 06. 2010
3
5
7
8
16
18
29
28
06. 06. 2010
8
16
22
28
29
30
39
24
02. 06. 2010
12
13
20
22
23
26
31
33
30. 05. 2010
1
15
19
23
26
30
38
25
26. 05. 2010
6
13
14
17
21
31
37
22
23. 05. 2010
3
5
7
9
10
15
18
37
19. 05. 2010
937.669,06 €
Ptuj
10
16
17
18
25
35
39
32
Sedmica je bila izžrebana
16. 05. 2010
16
18
24
26
27
34
35
25
12. 05. 2010
2
6
12
14
20
28
33
27
09. 05. 2010
6
10
18
19
22
36
38
31
05. 05. 2010
3
5
12
16
21
25
33
15
02. 05. 2010
14
15
28
29
33
34
37
3
28. 04. 2010
3
7
9
10
13
26
33
15
25. 04. 2010
1
7
10
11
13
19
36
33
21. 04. 2010
2
6
7
20
26
31
33
38
18. 04. 2010
2
4
8
10
16
27
35
30
14. 04. 2010
4
6
12
15
20
27
38
35
11. 04. 2010
4
13
17
18
24
27
32
29
07. 04. 2010
6
22
23
27
32
35
39
14
04. 04. 2010
8
16
23
32
35
37
38
7
31. 03. 2010
200.000,00 €
Trebnje
5
9
12
21
30
34
39
18
Sedmica je bila izžrebana
28. 03. 2010
9
16
19
20
22
34
37
38
24. 03. 2010
1.213.453,40 €
Ljubljana
1
5
11
16
24
32
37
8
Sedmica je bila izžrebana
21. 03. 2010
4
19
21
31
33
34
37
38
17. 03. 2010
6
7
8
12
20
31
38
39
14. 03. 2010
4
6
9
19
21
22
38
33
10. 03. 2010
3
6
7
13
16
22
29
26
07. 03. 2010
2
4
8
10
12
13
26
22
03. 03. 2010
9
16
21
28
29
30
35
36
28. 02. 2010
2
7
10
11
26
30
32
37
24. 02. 2010
2
3
9
11
21
23
37
7
21. 02. 2010
2
9
13
16
17
27
37
15
17. 02. 2010
10
12
30
33
34
37
38
7
14. 02. 2010
14
17
19
20
22
31
33
1
10. 02. 2010
1
2
4
7
11
17
38
25
07. 02. 2010
1
3
8
14
24
25
29
9
03. 02. 2010
6
8
15
18
24
37
38
35
31. 01. 2010
399.079,13 €
Jesenice
15
19
20
24
29
34
35
1
Sedmica je bila izžrebana
27. 01. 2010
2
5
12
13
15
20
37
10
24. 01. 2010
10
13
18
20
24
27
29
36
20. 01. 2010
1
8
10
17
19
30
32
18
17. 01. 2010
4
8
12
13
15
35
36
23
13. 01. 2010
2
7
15
18
24
29
31
9
10. 01. 2010
893.894,21 €
Domžale
6
10
14
21
24
25
34
32
Sedmica je bila izžrebana
06. 01. 2010
3
12
14
15
28
30
32
1
03. 01. 2010
4
6
18
19
21
23
29
10