7 10 19 26 30 34 39 24
3 9 11 19 20 21 22 13
5 9 11 15 33 36 38 22
5 6 21 25 27 30 38 2
11 19 25 26 32 35 37 21
16 24 26 29 32 35 38 15
3 10 14 25 28 29 35 16
7 13 20 25 26 35 37 34
2 9 21 22 24 31 32 3
1 7 10 18 24 32 37 15
5 15 21 29 31 37 39 25
1 6 7 12 16 18 31 20
5 14 15 19 24 30 33 23
7 14 16 22 30 31 39 25
14 18 22 26 29 32 35 38
3 4 17 23 26 32 36 21
6 9 10 13 24 25 38 15
13 15 18 20 24 32 37 35
5 8 14 15 17 32 34 36
3 17 28 30 35 36 38 39
5 7 10 17 19 20 29 1
4 10 23 24 32 34 36 27
2 5 15 24 32 36 39 21
4 5 17 24 29 33 39 14
4 7 14 23 26 30 32 39
6 10 12 13 20 26 37 28
6 9 13 20 21 23 25 33
4 12 21 23 24 28 33 38
2 5 7 10 13 23 29 34
5 14 17 22 23 24 33 29
6 7 8 13 14 17 24 9
9 12 18 27 31 34 37 39
2 6 10 11 19 31 35 21
4 6 15 19 26 31 34 22
2 8 12 15 23 28 29 37
7 10 13 15 19 21 33 31
4 5 20 29 31 36 37 15
2 10 15 18 25 28 36 7
4 5 15 17 20 32 37 25
3 4 21 23 27 31 39 19
5 6 10 14 21 29 31 13
10 11 12 21 22 24 34 16
3 9 13 24 27 35 37 18
4 5 7 9 25 34 38 32
4 8 10 26 33 36 38 19
5 9 17 24 27 28 35 8
3 6 16 18 21 23 26 19
1 7 23 25 29 34 39 32
7 10 22 23 37 38 39 20
7 12 13 14 17 31 36 16
4 8 14 15 19 26 27 39
14 18 24 28 34 35 39 8
8 9 17 24 26 29 36 11
15 19 23 33 35 36 38 16
10 14 16 24 27 33 38 19
6 17 21 24 28 29 30 25
4 5 7 11 13 30 34 23
17 19 21 23 34 35 38 33
1 2 7 9 24 28 30 20
1 5 7 10 12 20 30 28
7 10 15 19 22 24 33 6
3 10 20 22 31 37 39 13
12 18 22 30 31 33 37 27
3 16 20 25 26 33 38 24
3 14 29 30 33 35 38 5
8 13 15 17 20 27 37 32
8 12 14 19 25 26 29 5
1 15 18 25 30 34 37 5
1 11 17 26 27 30 32 5
1 10 21 27 30 31 37 32
7 8 16 20 22 32 35 37
14 16 18 27 29 32 39 28
1 5 19 22 23 28 36 10
3 17 21 22 30 33 37 15
1 5 24 25 26 31 35 38
15 18 28 35 37 38 39 1
1 3 5 13 21 26 39 27
13 15 23 25 32 33 35 31
1 16 22 23 29 30 38 5
5 10 24 25 30 31 39 33
4 18 19 23 24 25 32 21
1 6 15 16 18 27 33 25
3 12 17 19 22 24 26 27
1 5 17 19 20 25 36 6
8 9 16 23 24 25 27 36
1 9 10 17 25 27 29 13
10 11 16 19 25 32 35 37
4 12 13 24 27 29 35 7
4 17 22 28 29 30 36 14
2 4 6 14 19 26 36 7
1 5 9 15 20 23 29 16
2 7 10 12 25 29 34 8
4 7 8 13 14 16 25 24
6 19 20 29 34 36 38 35
3 8 17 18 33 34 36 9
3 5 19 22 26 28 33 9
7 14 17 18 24 25 39 26
3 7 8 13 17 28 30 31
5 6 14 29 32 34 37 35
4 7 9 10 12 15 21 29
2 4 7 13 14 31 39 27
4 7 10 12 17 24 33 39
3 4 5 18 25 30 37 1
1 15 18 27 28 31 32 16
7 10 17 23 30 32 34 12
3 5 6 11 18 34 38 19
1 3 9 12 22 32 38 31
4 6 10 14 28 31 35 21
1 22 27 32 33 35 37 13
5 8 10 26 33 35 37 4
2 4 7 10 13 17 36 35
3 4 15 17 23 26 31 34
1 7 15 23 29 31 38 20
6 12 15 22 27 29 39 38
3 14 22 24 27 30 32 10
7 18 21 27 32 37 39 28
5 15 16 17 21 24 28 38
11 16 21 27 29 32 34 38
3 5 16 21 26 30 37 8
2 6 10 17 25 28 33 9
8 10 12 13 23 27 37 29
3 4 9 12 13 16 25 8
1 3 9 22 30 31 33 39
2 14 15 25 35 37 39 32
5 12 14 19 20 35 38 21
5 6 11 16 26 32 35 7
1 8 11 13 17 20 33 21
3 10 16 24 27 29 37 15
11 17 22 24 33 34 37 15
10 13 19 20 24 34 36 6
1 6 13 20 33 34 36 19
3 20 24 25 29 30 36 10
2 4 7 20 24 25 39 34
3 4 11 17 18 21 28 25
1 10 11 22 28 31 38 13
5 12 19 24 25 34 35 28
7 8 14 17 19 33 39 6
3 7 8 16 26 34 35 33
2 6 8 11 18 36 37 9
1 14 23 26 29 33 34 2
7 12 20 22 27 32 38 29
4 15 16 23 27 32 39 14
2 11 17 19 36 37 39 31
13 19 20 24 29 32 37 33
2 11 21 24 25 31 34 1
2 19 22 24 28 31 36 16
8 9 14 18 22 26 39 4
1 4 8 13 24 27 31 10
3 7 23 26 32 34 39 2
8 15 21 22 23 25 27 14
4 9 16 22 29 33 37 13
3 4 9 25 26 29 31 1
3 4 5 11 17 19 31 23
1 10 12 18 22 28 36 31
1 4 19 26 30 37 38 18
1 3 7 13 16 20 27 30
13 17 25 28 29 32 37 39
6 9 10 23 33 34 39 27
2 5 12 15 18 22 27 29
11 12 21 22 28 32 35 18
5 6 14 22 26 31 32 3
3 15 17 26 27 34 37 13
1 7 14 18 30 31 32 13
2 13 15 21 24 30 34 33
6 14 20 22 24 27 34 26
1 2 8 16 22 31 37 18
2 11 16 19 26 27 35 32
3 5 6 9 17 23 24 25
8 13 23 26 28 31 38 35
11 14 23 26 30 36 39 31
3 10 13 20 23 34 38 37
2 4 6 18 23 26 36 15
3 7 8 17 26 28 37 16
2 28 29 30 32 34 37 6
1 6 10 16 24 35 37 21
3 7 8 10 14 18 23 32
1 2 13 29 32 34 36 3
11 24 25 26 31 33 36 17
1 2 12 20 30 32 36 18
1 18 19 20 23 24 31 30
2 5 6 10 12 26 28 24
6 13 14 17 28 32 36 1
1 13 18 25 27 31 32 4
1 16 21 30 34 35 37 29
10 18 21 23 30 32 34 39
11 13 15 22 23 30 33 35
2 4 14 15 17 24 39 26
3 14 15 17 23 32 33 28
6 7 9 13 15 17 33 32
6 18 21 34 35 36 37 23
5 7 10 12 14 15 28 38
3 5 6 8 18 28 31 22
6 12 15 17 19 21 23 38
1 5 10 11 16 37 39 6
1 2 3 5 8 22 26 29
1 3 4 7 10 19 24 11
1 3 10 17 21 26 31 19
8 17 19 27 28 34 39 36
16 23 25 26 30 35 38 19
1 8 10 12 14 18 25 33
4 5 14 19 23 32 35 28
1 10 14 24 25 33 35 27
14 15 17 26 28 31 32 21
3 8 11 24 26 27 32 16
5 7 29 30 31 32 36 23
8 18 22 23 25 32 36 14
1 7 11 14 16 30 32 9
6 15 20 21 32 33 37 13
3 5 13 16 22 24 37 27
6 9 10 25 31 34 37 39
1 4 9 11 12 13 25 6
9 13 16 17 20 21 35 3
3 21 26 27 28 34 36 24
7 10 11 22 31 32 39 8
3 6 7 14 15 18 37 31
1 16 26 30 32 34 37 6
10 11 14 28 35 36 39 25
7 10 11 12 19 31 32 15
3 10 11 15 26 32 38 18
2 6 13 14 21 29 36 3
1 6 19 22 24 32 39 30
12 15 17 21 25 27 28 31
7 14 20 26 29 30 32 4
10 20 21 26 27 32 39 2
4 8 15 21 30 36 38 12
2 14 15 22 30 31 36 38
1 3 7 10 16 29 30 37
9 12 22 30 35 36 39 7
3 14 16 17 18 19 23 12
3 4 21 23 31 35 39 36
6 7 10 13 19 25 32 30
4 7 17 18 29 37 38 28
2 5 6 7 10 13 24 36