(31, 19, 27, 20, 13, 39, 34)
(38, 24, 30, 19, 1, 11, 16)
(30, 5, 15, 11, 32, 18, 2)
(30, 25, 5, 21, 4, 32, 34)
(28, 15, 36, 20, 21, 4, 2)
(24, 30, 17, 36, 21, 18, 33)
(36, 21, 32, 22, 33, 2, 34)
(30, 1, 10, 15, 4, 18, 22)
(38, 24, 25, 29, 32, 22, 16)
(38, 24, 15, 21, 33, 16, 2)
(30, 19, 27, 25, 1, 20, 18)
(23, 31, 19, 1, 10, 32, 16)
(23, 31, 9, 27, 15, 4, 34)
(24, 30, 28, 5, 29, 13, 33)
(6, 28, 1, 36, 21, 18, 34)
(31, 30, 25, 1, 5, 22, 16)
(28, 27, 36, 13, 18, 22, 39)
(6, 31, 5, 20, 21, 32, 39)
(23, 31, 1, 11, 21, 39, 34)
(38, 28, 5, 36, 11, 13, 34)
(31, 24, 30, 1, 36, 29, 34)
(23, 9, 28, 36, 20, 18, 16)
(38, 23, 19, 1, 20, 21, 2)
(27, 25, 15, 29, 21, 32, 2)
(23, 30, 10, 36, 4, 32, 2)
(31, 24, 9, 36, 22, 33, 16)
(6, 31, 24, 28, 11, 33, 2)
(30, 9, 10, 36, 11, 18, 34)
(23, 11, 32, 18, 22, 39, 33)
(6, 38, 9, 28, 27, 5, 4)
(24, 9, 10, 21, 32, 16, 34)
(31, 17, 5, 21, 33, 16, 34)
(9, 27, 25, 21, 13, 33, 34)
(6, 38, 36, 11, 21, 4, 32)
(31, 28, 27, 1, 5, 13, 2)
(23, 31, 28, 27, 25, 20, 32)
(5, 10, 15, 36, 22, 16, 2)
(6, 23, 17, 19, 13, 39, 2)
(24, 17, 18, 22, 39, 2, 34)
(30, 10, 29, 13, 39, 16, 2)
(6, 31, 19, 15, 11, 22, 34)
(17, 15, 20, 4, 22, 33, 34)
(6, 23, 25, 5, 15, 11, 21)
(6, 38, 27, 15, 20, 13, 16)
(6, 9, 10, 4, 22, 39, 16)
(23, 9, 5, 15, 13, 32, 16)
(38, 17, 9, 25, 15, 13, 4)
(38, 1, 5, 20, 4, 32, 16)
(38, 31, 13, 4, 32, 2, 34)
(38, 25, 20, 13, 18, 39, 2)
(38, 24, 27, 11, 32, 39, 2)
(23, 25, 21, 13, 22, 39, 16)
(27, 1, 5, 36, 4, 22, 33)
(31, 30, 17, 9, 19, 1, 33)
(38, 9, 25, 1, 32, 18, 34)
(23, 30, 27, 15, 36, 13, 33)
(6, 1, 10, 11, 21, 13, 22)
(17, 10, 11, 20, 13, 4, 2)
(38, 28, 27, 25, 36, 16, 2)
(6, 23, 9, 36, 29, 33, 2)
(23, 17, 25, 1, 29, 33, 16)
(31, 17, 19, 20, 4, 18, 16)
(6, 9, 15, 36, 32, 18, 22)
(38, 31, 15, 36, 29, 20, 18)
(31, 24, 27, 4, 32, 18, 33)
(38, 17, 9, 28, 19, 11, 2)
(38, 31, 17, 10, 11, 22, 39)
(38, 30, 17, 28, 1, 29, 4)
(24, 17, 28, 25, 10, 33, 34)
(6, 24, 28, 29, 4, 32, 34)
(31, 28, 10, 18, 39, 16, 34)
(6, 23, 30, 9, 1, 21, 4)
(17, 27, 25, 5, 10, 32, 16)
(38, 31, 27, 1, 15, 32, 22)
(23, 30, 5, 20, 13, 4, 39)
(9, 27, 36, 29, 20, 4, 32)
(38, 24, 9, 19, 27, 36, 18)
(28, 19, 25, 36, 11, 21, 39)
(38, 23, 28, 10, 29, 32, 18)
(17, 27, 10, 29, 4, 39, 34)
(23, 31, 11, 20, 13, 33, 16)
(17, 1, 11, 32, 22, 16, 2)
(38, 17, 27, 1, 13, 18, 33)
(6, 31, 1, 29, 21, 16, 2)
(23, 29, 20, 4, 22, 16, 2)
(38, 23, 17, 9, 20, 32, 39)
(27, 10, 20, 22, 39, 33, 2)
(38, 23, 24, 27, 29, 13, 34)
(38, 9, 29, 13, 22, 39, 33)
(6, 30, 19, 27, 22, 33, 16)
(38, 28, 19, 20, 4, 22, 39)
(28, 27, 1, 11, 20, 4, 34)
(17, 28, 29, 32, 39, 33, 2)
(31, 9, 28, 5, 10, 36, 32)
(6, 28, 19, 36, 29, 13, 16)
(9, 19, 5, 36, 29, 21, 34)
(38, 31, 19, 11, 21, 13, 18)
(6, 23, 30, 28, 15, 2, 34)
(23, 27, 1, 10, 15, 11, 2)
(30, 15, 11, 29, 13, 4, 34)
(23, 24, 30, 9, 28, 19, 32)
(6, 19, 25, 21, 32, 18, 33)
(23, 28, 19, 27, 4, 18, 2)
(38, 30, 27, 1, 5, 10, 39)
(24, 17, 27, 1, 15, 21, 4)
(23, 9, 28, 5, 22, 39, 34)
(30, 27, 15, 11, 21, 22, 39)
(28, 25, 5, 10, 20, 21, 18)
(38, 31, 24, 25, 21, 4, 39)
(6, 1, 5, 15, 13, 39, 33)
(31, 9, 19, 25, 10, 29, 20)
(23, 24, 9, 25, 15, 39, 2)
(23, 17, 19, 15, 29, 21, 18)
(31, 24, 5, 10, 13, 22, 34)
(23, 24, 19, 1, 5, 15, 36)
(31, 30, 25, 20, 33, 2, 34)
(6, 38, 17, 27, 21, 2, 34)
(6, 23, 31, 30, 27, 10, 18)
(23, 30, 19, 13, 18, 22, 34)
(17, 28, 19, 1, 5, 18, 22)
(23, 24, 1, 10, 13, 4, 33)
(31, 25, 5, 29, 13, 4, 18)
(6, 24, 25, 1, 13, 16, 34)
(6, 17, 28, 11, 20, 32, 18)
(38, 17, 19, 5, 29, 20, 33)
(23, 24, 27, 1, 18, 22, 16)
(6, 30, 17, 1, 20, 39, 34)
(6, 38, 23, 31, 28, 22, 16)
(6, 30, 5, 10, 29, 20, 22)
(9, 28, 25, 11, 29, 4, 22)
(31, 25, 10, 36, 21, 13, 2)
(38, 30, 28, 18, 22, 33, 2)
(17, 25, 1, 5, 21, 39, 2)
(31, 10, 29, 21, 18, 22, 33)
(6, 24, 17, 5, 32, 22, 33)
(38, 19, 5, 15, 4, 18, 34)
(6, 5, 10, 11, 4, 18, 33)
(6, 17, 29, 21, 13, 4, 33)
(6, 38, 31, 19, 5, 10, 2)
(5, 11, 20, 39, 16, 2, 34)
(24, 30, 17, 20, 13, 32, 16)
(23, 30, 17, 28, 10, 11, 21)
(28, 1, 5, 11, 21, 32, 33)
(23, 30, 9, 25, 5, 18, 33)
(24, 25, 15, 36, 11, 13, 32)
(9, 19, 10, 15, 11, 21, 4)
(6, 23, 24, 30, 36, 22, 39)
(6, 23, 25, 20, 4, 18, 34)
(24, 29, 20, 18, 39, 33, 16)
(25, 36, 29, 20, 22, 39, 34)
(17, 9, 28, 29, 20, 13, 34)
(23, 28, 15, 11, 29, 20, 39)
(24, 9, 19, 4, 39, 33, 34)
(6, 30, 9, 27, 11, 13, 32)
(30, 9, 28, 27, 10, 15, 29)
(6, 24, 17, 10, 15, 13, 18)
(30, 17, 28, 36, 22, 16, 34)
(23, 31, 24, 17, 28, 5, 4)
(24, 28, 1, 10, 29, 21, 39)
(6, 23, 1, 29, 20, 13, 32)
(23, 1, 5, 29, 18, 2, 34)
(30, 19, 5, 36, 18, 39, 16)
(17, 10, 36, 29, 20, 21, 16)
(17, 9, 19, 27, 21, 32, 22)
(6, 24, 19, 27, 15, 29, 39)
(24, 28, 19, 27, 5, 16, 34)
(24, 17, 9, 11, 21, 13, 39)
(17, 9, 10, 18, 33, 16, 2)
(23, 24, 19, 27, 11, 21, 33)
(19, 1, 11, 29, 4, 39, 2)
(6, 24, 1, 15, 20, 22, 2)
(19, 25, 5, 11, 13, 22, 33)
(23, 30, 27, 5, 29, 21, 16)
(23, 28, 25, 1, 11, 13, 18)
(28, 19, 1, 15, 29, 33, 34)
(17, 27, 5, 15, 29, 13, 22)
(6, 38, 30, 11, 29, 18, 39)
(23, 5, 10, 36, 21, 39, 33)
(31, 9, 1, 36, 18, 39, 2)
(30, 19, 1, 36, 21, 13, 32)
(31, 30, 9, 28, 25, 13, 39)
(38, 23, 19, 36, 33, 16, 34)
(9, 19, 1, 10, 13, 2, 34)
(31, 24, 30, 10, 15, 20, 21)
(23, 31, 19, 36, 21, 4, 22)
(30, 17, 19, 10, 15, 32, 39)
(38, 24, 28, 36, 20, 32, 33)
(38, 23, 31, 30, 21, 32, 33)
(10, 15, 29, 4, 32, 33, 16)
(38, 23, 25, 11, 4, 33, 2)
(9, 28, 15, 21, 18, 39, 33)
(31, 9, 1, 20, 13, 4, 22)
(31, 24, 9, 27, 25, 1, 11)
(31, 27, 36, 11, 29, 22, 2)
(6, 24, 27, 25, 10, 4, 2)
(17, 25, 36, 4, 32, 18, 39)
(6, 31, 30, 17, 4, 22, 2)
(1, 10, 36, 11, 20, 32, 39)
(31, 17, 28, 25, 15, 18, 2)
(28, 19, 27, 10, 13, 32, 33)
(6, 28, 25, 13, 32, 22, 2)
(31, 24, 17, 19, 11, 29, 32)
(38, 27, 10, 21, 4, 18, 16)
(15, 20, 21, 13, 32, 18, 34)
(27, 15, 11, 18, 33, 16, 34)
(31, 17, 9, 5, 15, 11, 20)
(24, 25, 11, 29, 21, 18, 34)
(23, 30, 19, 25, 15, 4, 16)
(28, 25, 1, 15, 32, 39, 16)
(24, 30, 9, 27, 20, 22, 34)
(38, 24, 9, 1, 5, 21, 22)
(6, 10, 36, 20, 13, 33, 34)
(24, 36, 11, 20, 4, 18, 22)
(30, 19, 11, 20, 4, 32, 33)
(17, 27, 5, 36, 20, 18, 2)
(6, 38, 25, 10, 15, 39, 34)
(38, 9, 1, 10, 15, 36, 33)
(23, 19, 25, 5, 29, 32, 39)
(6, 9, 19, 20, 32, 16, 2)
(23, 9, 27, 25, 10, 36, 22)
(24, 28, 19, 15, 21, 13, 22)
(6, 9, 27, 25, 29, 18, 16)
(23, 24, 17, 19, 25, 20, 22)
(6, 23, 17, 27, 36, 11, 16)
(24, 30, 9, 13, 4, 18, 2)
(6, 17, 19, 1, 10, 36, 4)
(38, 31, 9, 11, 29, 16, 34)
(6, 38, 30, 17, 25, 5, 36)
(6, 31, 17, 27, 25, 39, 33)
(38, 23, 24, 5, 10, 11, 20)
(17, 19, 27, 25, 15, 36, 34)
(30, 28, 1, 10, 20, 33, 16)
(9, 19, 27, 5, 15, 33, 2)
(24, 5, 36, 21, 13, 4, 16)
(31, 15, 36, 11, 4, 39, 16)
(38, 30, 9, 25, 20, 21, 16)
